version           6.5
command line      jprime 3 25 2207- -inverse -threads 6 -verbose -status -file 3_25_2207
length bound      2208
states            2300
shift cycles      92
short cycles      0
patterns          0
patterns (seen)   23061657977581
nodes visited     645326732384334
threads           6
hardware threads  12
seconds elapsed   4856886.7643
seconds working   21379792.3050
seconds avail     21379795.9208

patterns

counts
1, 0
2, 0
3, 0
4, 0
5, 0
6, 0
7, 0
8, 0
9, 0
10, 0
11, 0
12, 0
13, 0
14, 0
15, 0
16, 0
17, 0
18, 0
19, 0
20, 0
21, 0
22, 0
23, 0
24, 0
25, 0
26, 0
27, 0
28, 0
29, 0
30, 0
31, 0
32, 0
33, 0
34, 0
35, 0
36, 0
37, 0
38, 0
39, 0
40, 0
41, 0
42, 0
43, 0
44, 0
45, 0
46, 0
47, 0
48, 1
49, 0
50, 1
51, 0
52, 0
53, 0
54, 0
55, 0
56, 0
57, 0
58, 0
59, 0
60, 0
61, 0
62, 0
63, 0
64, 0
65, 0
66, 0
67, 0
68, 0
69, 0
70, 0
71, 0
72, 2
73, 1
74, 0
75, 3
76, 4
77, 0
78, 0
79, 0
80, 0
81, 0
82, 0
83, 0
84, 0
85, 0
86, 0
87, 0
88, 0
89, 0
90, 0
91, 0
92, 0
93, 0
94, 0
95, 0
96, 7
97, 3
98, 4
99, 4
100, 15
101, 8
102, 0
103, 0
104, 0
105, 0
106, 0
107, 0
108, 0
109, 0
110, 0
111, 0
112, 0
113, 0
114, 0
115, 0
116, 0
117, 0
118, 0
119, 25
120, 17
121, 5
122, 7
123, 7
124, 26
125, 31
126, 14
127, 0
128, 0
129, 0
130, 0
131, 0
132, 0
133, 0
134, 0
135, 0
136, 0
137, 0
138, 0
139, 0
140, 0
141, 0
142, 0
143, 102
144, 38
145, 8
146, 12
147, 11
148, 37
149, 67
150, 64
151, 26
152, 0
153, 0
154, 0
155, 0
156, 0
157, 0
158, 0
159, 0
160, 0
161, 0
162, 0
163, 0
164, 0
165, 0
166, 0
167, 305
168, 82
169, 16
170, 24
171, 20
172, 45
173, 121
174, 154
175, 127
176, 56
177, 0
178, 0
179, 0
180, 0
181, 0
182, 0
183, 0
184, 0
185, 0
186, 0
187, 0
188, 0
189, 0
190, 0
191, 840
192, 178
193, 39
194, 57
195, 55
196, 56
197, 169
198, 341
199, 323
200, 275
201, 112
202, 0
203, 0
204, 0
205, 0
206, 0
207, 0
208, 0
209, 0
210, 0
211, 0
212, 0
213, 0
214, 0
215, 2242
216, 383
217, 85
218, 136
219, 130
220, 125
221, 222
222, 562
223, 770
224, 707
225, 558
226, 224
227, 0
228, 0
229, 0
230, 0
231, 0
232, 0
233, 0
234, 0
235, 0
236, 0
237, 0
238, 0
239, 5598
240, 801
241, 176
242, 314
243, 288
244, 288
245, 308
246, 839
247, 1542
248, 1728
249, 1462
250, 1115
251, 446
252, 0
253, 0
254, 0
255, 0
256, 0
257, 0
258, 0
259, 0
260, 0
261, 0
262, 0
263, 13622
264, 1670
265, 369
266, 689
267, 659
268, 633
269, 588
270, 1229
271, 2498
272, 3693
273, 3628
274, 2941
275, 2226
276, 771
277, 0
278, 0
279, 0
280, 0
281, 0
282, 0
283, 0
284, 0
285, 0
286, 0
287, 32080
288, 3470
289, 762
290, 1516
291, 1455
292, 1390
293, 1286
294, 1626
295, 3908
296, 7077
297, 8050
298, 7366
299, 5890
300, 3584
301, 1627
302, 0
303, 0
304, 0
305, 0
306, 0
307, 0
308, 0
309, 0
310, 0
311, 74743
312, 7137
313, 1572
314, 3281
315, 3183
316, 3002
317, 2694
318, 2791
319, 5883
320, 11596
321, 16489
322, 16660
323, 14821
324, 9749
325, 5426
326, 2927
327, 0
328, 0
329, 0
330, 0
331, 0
332, 0
333, 0
334, 0
335, 169596
336, 14754
337, 3232
338, 7133
339, 6913
340, 6438
341, 5772
342, 5622
343, 7856
344, 18209
345, 31396
346, 35510
347, 33845
348, 24590
349, 12726
350, 10034
351, 5529
352, 0
353, 0
354, 0
355, 0
356, 0
357, 0
358, 0
359, 381989
360, 30182
361, 6618
362, 15328
363, 14928
364, 13706
365, 12349
366, 11439
367, 12572
368, 27455
369, 51408
370, 71904
371, 73535
372, 56867
373, 32028
374, 22250
375, 19166
376, 11000
377, 0
378, 0
379, 0
380, 0
381, 0
382, 0
383, 847729
384, 61879
385, 13484
386, 32924
387, 32038
388, 29106
389, 25950
390, 23801
391, 23761
392, 36942
393, 81088
394, 135225
395, 154381
396, 124961
397, 73061
398, 49659
399, 42190
400, 37512
401, 21232
402, 0
403, 0
404, 0
405, 0
406, 0
407, 1868493
408, 126232
409, 27490
410, 70031
411, 68455
412, 61518
413, 54305
414, 49809
415, 46055
416, 57569
417, 123649
418, 221387
419, 307587
420, 266201
421, 160514
422, 104305
423, 91813
424, 80986
425, 72889
426, 39295
427, 0
428, 0
429, 0
430, 0
431, 4053957
432, 257755
433, 55556
434, 148820
435, 145198
436, 129389
437, 113171
438, 103842
439, 93066
440, 102994
441, 169434
442, 351467
443, 573537
444, 546200
445, 342906
446, 218770
447, 185420
448, 174387
449, 157193
450, 139705
451, 74584
452, 0
453, 0
454, 0
455, 8620813
456, 520591
457, 112180
458, 312849
459, 306572
460, 270505
461, 234347
462, 214202
463, 190966
464, 188637
465, 259948
466, 542119
467, 940138
468, 1062647
469, 707541
470, 456103
471, 360244
472, 347994
473, 334590
474, 302147
475, 269785
476, 177441
477, 0
478, 0
479, 15823907
480, 1030010
481, 221101
482, 649623
483, 641719
484, 561722
485, 482170
486, 438815
487, 391506
488, 365280
489, 448928
490, 752365
491, 1499377
492, 1932742
493, 1391412
494, 931246
495, 698365
496, 663841
497, 658461
498, 642872
499, 566491
500, 557888
501, 243417
502, 0
503, 27955292
504, 1705548
505, 417878
506, 1307136
507, 1317030
508, 1152465
509, 983255
510, 890785
511, 798512
512, 732028
513, 786281
514, 1147453
515, 2323876
516, 3158483
517, 2581110
518, 1825386
519, 1367697
520, 1253152
521, 1241127
522, 1247234
523, 1194842
524, 1041178
525, 824345
526, 258654
527, 50038811
528, 2712608
529, 585767
530, 2427469
531, 2547533
532, 2300568
533, 2013629
534, 1831013
535, 1644577
536, 1503615
537, 1474600
538, 1951981
539, 3272699
540, 5012689
541, 4623463
542, 3420605
543, 2620660
544, 2333528
545, 2332509
546, 2337535
547, 2332275
548, 2160705
549, 1460349
550, 617848
551, 77586245
552, 4413721
553, 1018779
554, 3902032
555, 4578019
556, 4160485
557, 3637875
558, 3412610
559, 3121283
560, 2896614
561, 2757962
562, 3229951
563, 4929277
564, 7661575
565, 7444773
566, 6172235
567, 4824540
568, 4168678
569, 4197996
570, 4221596
571, 4146477
572, 3898745
573, 2601077
574, 1029040
575, 123003755
576, 6020410
577, 1283886
578, 5941747
579, 7157045
580, 6866275
581, 6086338
582, 5918321
583, 5645034
584, 5390759
585, 5153700
586, 5500009
587, 8007580
588, 10846248
589, 11458616
590, 10766878
591, 8675348
592, 7435457
593, 7340344
594, 7497189
595, 7312999
596, 6620346
597, 4523594
598, 1593237
599, 210720750
600, 8673655
601, 1725207
602, 9241993
603, 11171564
604, 10439736
605, 9694006
606, 9588426
607, 9598342
608, 9565457
609, 9347241
610, 9537995
611, 12627022
612, 16271336
613, 17701173
614, 16897824
615, 15192356
616, 13075560
617, 12535029
618, 12907675
619, 12682983
620, 11353732
621, 7459155
622, 2701023
623, 343002955
624, 13838155
625, 2931480
626, 12084637
627, 17416789
628, 16043633
629, 14322262
630, 14682689
631, 15389520
632, 16163267
633, 16495755
634, 16670779
635, 20177142
636, 25727726
637, 25494534
638, 26092574
639, 25624191
640, 22546637
641, 21146991
642, 21735550
643, 21374209
644, 19109863
645, 12372262
646, 4375589
647, 553644052
648, 20958004
649, 4347429
650, 16881754
651, 22682744
652, 24996866
653, 21471761
654, 21072369
655, 23263592
656, 25767284
657, 27849581
658, 28752007
659, 32735252
660, 39418252
661, 37900003
662, 40514277
663, 40016507
664, 37948560
665, 35446315
666, 36060838
667, 35359764
668, 31566271
669, 20216826
670, 6743966
671, 891450136
672, 31519607
673, 6479288
674, 26093148
675, 31207142
676, 33529184
677, 33003355
678, 30195586
679, 32974197
680, 38762153
681, 44862755
682, 48375435
683, 53468371
684, 60567894
685, 59429748
686, 58045258
687, 61902816
688, 62606131
689, 58542223
690, 58560832
691, 58375379
692, 51414419
693, 32665534
694, 10640890
695, 1420918246
696, 47725782
697, 9902588
698, 38282891
699, 48311900
700, 46350897
701, 45312929
702, 44333441
703, 45918282
704, 54654992
705, 67918418
706, 77904386
707, 86814455
708, 93668340
709, 90372644
710, 86022964
711, 94801778
712, 96791622
713, 95534430
714, 93787287
715, 94119346
716, 83287958
717, 52328340
718, 16753962
719, 2228049605
720, 71869498
721, 14905998
722, 56174419
723, 70674773
724, 71004394
725, 63710918
726, 61214904
727, 64352062
728, 74468214
729, 97332920
730, 119586607
731, 138612841
732, 144676407
733, 136707929
734, 134024855
735, 134802886
736, 147117599
737, 153750026
738, 149723190
739, 149115496
740, 133158305
741, 83232733
742, 26353203
743, 3461966333
744, 106576281
745, 22006504
746, 82439091
747, 102830879
748, 103638999
749, 96330053
750, 86927809
751, 87117008
752, 99738144
753, 133641999
754, 173800098
755, 212245479
756, 221546479
757, 207094138
758, 202144910
759, 198402352
760, 221221010
761, 233680177
762, 236583458
763, 232416311
764, 210215827
765, 131386965
766, 41203551
767, 5278263531
768, 157084881
769, 32451030
770, 120576227
771, 149966224
772, 150040330
773, 140215286
774, 130135404
775, 122047187
776, 130740311
777, 178169880
778, 242929893
779, 312354232
780, 334817781
781, 311418881
782, 302122589
783, 304550649
784, 312011018
785, 347617283
786, 369626855
787, 356763212
788, 325594546
789, 205791867
790, 63822108
791, 7920942669
792, 227817060
793, 47215147
794, 173273744
795, 216141438
796, 218558995
797, 202531154
798, 188305216
799, 179124844
800, 174805639
801, 231309107
802, 327728783
803, 442992465
804, 490384043
805, 461796975
806, 449885317
807, 452792084
808, 451828221
809, 511907416
810, 550500607
811, 543199235
812, 495655168
813, 316729404
814, 97942712
815, 11622209783
816, 325586515
817, 67269996
818, 247630563
819, 307584575
820, 313911010
821, 292531811
822, 270273382
823, 256681264
824, 242104517
825, 299396952
826, 429668411
827, 607754476
828, 696771093
829, 670576204
830, 660703021
831, 666008518
832, 677048390
833, 711250413
834, 801791991
835, 817658788
836, 736872613
837, 479694688
838, 147027242
839, 16712937103
840, 454887879
841, 93968881
842, 345700016
843, 433783948
844, 442176075
845, 418656318
846, 387412995
847, 364678443
848, 334915595
849, 392809081
850, 552241120
851, 807953067
852, 963704119
853, 950595858
854, 945166179
855, 971529539
856, 984493548
857, 1007063527
858, 1150132291
859, 1181307322
860, 1070203048
861, 706315710
862, 218205708
863, 23375927359
864, 623430247
865, 128383759
866, 475936320
867, 600521422
868, 616715207
869, 587099982
870, 547805501
871, 515998840
872, 461141495
873, 518381004
874, 702154076
875, 1050966706
876, 1297532785
877, 1323406195
878, 1325276810
879, 1379852312
880, 1410736604
881, 1465831682
882, 1566994911
883, 1672589432
884, 1543010639
885, 1008581233
886, 313153669
887, 31859736628
888, 830655633
889, 171118963
890, 635546383
891, 815724193
892, 844558020
893, 809455499
894, 761421954
895, 720904060
896, 630252730
897, 688107632
898, 890912906
899, 1338006994
900, 1697508997
901, 1791422869
902, 1829069376
903, 1914123343
904, 1983999957
905, 2067918109
906, 2159922459
907, 2327001881
908, 2132937930
909, 1386446362
910, 425855990
911, 42210741159
912, 1078161361
913, 221360146
914, 834154603
915, 1079141887
916, 1133680298
917, 1094969248
918, 1038265128
919, 985308494
920, 851578680
921, 910995429
922, 1137891143
923, 1672718869
924, 2173139524
925, 2371190276
926, 2475751193
927, 2616014018
928, 2729249387
929, 2852321676
930, 3035606523
931, 3073852171
932, 2874350531
933, 1851949759
934, 550756647
935, 54559710739
936, 1360343765
937, 277943544
938, 1059112469
939, 1399056021
940, 1484845082
941, 1450641002
942, 1379877191
943, 1321415890
944, 1134962907
945, 1193647319
946, 1458735430
947, 2081633940
948, 2717560107
949, 3071662480
950, 3287356432
951, 3501105547
952, 3687533973
953, 3875691191
954, 4115606276
955, 4090845459
956, 3829096727
957, 2387649180
958, 665875359
959, 69638367063
960, 1678099976
961, 341002488
962, 1316940061
963, 1763914728
964, 1906398439
965, 1874194790
966, 1795057660
967, 1732895805
968, 1480560941
969, 1543063487
970, 1857581451
971, 2594733316
972, 3337615125
973, 3878765235
974, 4292687315
975, 4616189194
976, 4884175114
977, 5176432316
978, 5471579240
979, 5493476182
980, 4893350630
981, 3014228901
982, 748643008
983, 88441445579
984, 2049454165
985, 411552196
986, 1597763015
987, 2175890325
988, 2384558197
989, 2374854688
990, 2286458974
991, 2222115217
992, 1885717262
993, 1963597522
994, 2336717662
995, 3228230445
996, 4067435702
997, 4790333542
998, 5470225502
999, 6016197348
1000, 6351740133
1001, 6762442322
1002, 7194978963
1003, 7164096192
1004, 6241257152
1005, 3827214776
1006, 860032572
1007, 111838816976
1008, 2502378426
1009, 502324677
1010, 1905610547
1011, 2615715184
1012, 2912805856
1013, 2943467582
1014, 2860799839
1015, 2789271434
1016, 2339286478
1017, 2440912888
1018, 2897672613
1019, 3974655205
1020, 4946539482
1021, 5813803142
1022, 6822502654
1023, 7702935290
1024, 8165759193
1025, 8699342683
1026, 9255897956
1027, 9208193002
1028, 8042177939
1029, 4762816867
1030, 1038429632
1031, 139766239975
1032, 3048861302
1033, 608752694
1034, 2247981561
1035, 3082866648
1036, 3474975974
1037, 3572652368
1038, 3507993903
1039, 3445601273
1040, 2825645004
1041, 2961959910
1042, 3538201953
1043, 4831123426
1044, 5986265401
1045, 6986257873
1046, 8316675540
1047, 9648145973
1048, 10328880127
1049, 11039592961
1050, 11709599026
1051, 11644546384
1052, 10138805368
1053, 5886178985
1054, 1264166484
1055, 172033434209
1056, 3670195699
1057, 735570109
1058, 2643606290
1059, 3591847819
1060, 4057295659
1061, 4237243984
1062, 4220881561
1063, 4177391651
1064, 3348663427
1065, 3500920445
1066, 4225955347
1067, 5792670621
1068, 7153128551
1069, 8342755158
1070, 9949937721
1071, 11842988785
1072, 12873258194
1073, 13744992094
1074, 14643262642
1075, 14481833929
1076, 12566157516
1077, 7269053046
1078, 1511404039
1079, 208728101435
1080, 4347533048
1081, 864616319
1082, 3088547657
1083, 4168309689
1084, 4672194529
1085, 4908114849
1086, 4967975022
1087, 4973607103
1088, 3899409286
1089, 4030603784
1090, 4935324558
1091, 6850448203
1092, 8426248622
1093, 9896718142
1094, 11766878709
1095, 14245700052
1096, 15770969520
1097, 16844545906
1098, 17987152307
1099, 17754923515
1100, 15362079640
1101, 8819431551
1102, 1768589605
1103, 250495134142
1104, 5079732096
1105, 1003103497
1106, 3552482521
1107, 4808141427
1108, 5360550859
1109, 5596891278
1110, 5712816537
1111, 5812276319
1112, 4468686556
1113, 4542622032
1114, 5627285105
1115, 7954455152
1116, 9796567010
1117, 11597124017
1118, 13816299438
1119, 16782681770
1120, 18959273166
1121, 20369658823
1122, 21723578330
1123, 21416915461
1124, 18483706803
1125, 10555204292
1126, 2062604234
1127, 295444761485
1128, 5880398934
1129, 1153480177
1130, 4019647885
1131, 5468419704
1132, 6116639553
1133, 6348504979
1134, 6473095526
1135, 6664316206
1136, 5043982122
1137, 5035520359
1138, 6250540760
1139, 9056068959
1140, 11238243167
1141, 13387361522
1142, 16093977389
1143, 19500673024
1144, 22316123429
1145, 24250323241
1146, 25792899178
1147, 25406795071
1148, 21794830177
1149, 12411890858
1150, 2383988133
1151, 342986925398
1152, 6695367798
1153, 1309985159
1154, 4484351242
1155, 6117475043
1156, 6889562672
1157, 7168605223
1158, 7290068449
1159, 7539420674
1160, 5608645359
1161, 5498741140
1162, 6791910339
1163, 10076499132
1164, 12659251588
1165, 15216911960
1166, 18505710155
1167, 22479329880
1168, 25771154985
1169, 28374244080
1170, 30154733349
1171, 29548762375
1172, 25269286793
1173, 14293127698
1174, 2715355491
1175, 391002184494
1176, 7506981236
1177, 1461183859
1178, 4941233129
1179, 6734051425
1180, 7642310182
1181, 7994811940
1182, 8155223424
1183, 8475754794
1184, 6174793086
1185, 5935359019
1186, 7266138320
1187, 10951625106
1188, 14002178772
1189, 17065633543
1190, 20928581920
1191, 25677541770
1192, 29286080386
1193, 32539838525
1194, 34661037703
1195, 33737167122
1196, 28713479995
1197, 16108553779
1198, 3031287944
1199, 435945719144
1200, 8262681664
1201, 1602265494
1202, 5349170265
1203, 7328604650
1204, 8341353887
1205, 8786199945
1206, 8995803342
1207, 9449623861
1208, 6747294074
1209, 6348225008
1210, 7669137031
1211, 11653034598
1212, 15169768352
1213, 18784867810
1214, 23277903567
1215, 28886112015
1216, 32928177662
1217, 36555966802
1218, 39222310764
1219, 37847719434
1220, 31881438649
1221, 17718180899
1222, 3292077688
1223, 476117913586
1224, 8893642151
1225, 1704561244
1226, 5699999462
1227, 7824278235
1228, 8976071069
1229, 9506683477
1230, 9762586637
1231, 10366173317
1232, 7302629219
1233, 6732497687
1234, 8016782223
1235, 12198310754
1236, 16075113616
1237, 20320753500
1238, 25519627532
1239, 31955915387
1240, 36643683483
1241, 40436163550
1242, 43573087412
1243, 41701770178
1244, 34668084218
1245, 18998160840
1246, 3490945118
1247, 510700086614
1248, 9380700510
1249, 1785792287
1250, 5957575378
1251, 8227415201
1252, 9471124157
1253, 10146743702
1254, 10438241763
1255, 11166598685
1256, 7766373486
1257, 7052115199
1258, 8302173641
1259, 12594782472
1260, 16705357860
1261, 21578212616
1262, 27454625733
1263, 34748528324
1264, 40146483171
1265, 44123973533
1266, 47411043460
1267, 45140575789
1268, 37026614293
1269, 19861713663
1270, 3622492485
1271, 537698989756
1272, 9724283392
1273, 1831940988
1274, 6089570392
1275, 8488524743
1276, 9830523147
1277, 10596850570
1278, 11029625513
1279, 11837844149
1280, 8090700291
1281, 7266642549
1282, 8495131986
1283, 12845748424
1284, 17079281785
1285, 22450457993
1286, 29036787082
1287, 37192718001
1288, 43230416688
1289, 47559689650
1290, 50660070167
1291, 48042797417
1292, 38761090062
1293, 20289238911
1294, 3694776454
1295, 556575750084
1296, 9902695238
1297, 1849263106
1298, 6114570937
1299, 8568527140
1300, 10019352592
1301, 10865011461
1302, 11429054331
1303, 12402815657
1304, 8263394472
1305, 7338687925
1306, 8563171412
1307, 12931793730
1308, 17180636731
1309, 22929763991
1310, 30184406399
1311, 39053027653
1312, 45690098340
1313, 50492664678
1314, 53372652349
1315, 50177425349
1316, 39939466285
1317, 20287309133
1318, 3699789771
1319, 567491280276
1320, 9921712633
1321, 1830585856
1322, 6039872831
1323, 8477719679
1324, 9991983738
1325, 10926208751
1326, 11608786241
1327, 12766792383
1328, 8306337136
1329, 7254868316
1330, 8501043230
1331, 12824309381
1332, 17017737857
1333, 23023967602
1334, 30785224406
1335, 40315611678
1336, 47487924739
1337, 52620243105
1338, 55414480957
1339, 51451382252
1340, 40504229492
1341, 20028422971
1342, 3654173562
1343, 570211381998
1344, 9800617373
1345, 1786599182
1346, 5863210485
1347, 8253330711
1348, 9762638045
1349, 10741610854
1350, 11545947613
1351, 12903242559
1352, 8192383894
1353, 7028802483
1354, 8281003434
1355, 12515265497
1356, 16604737346
1357, 22704018357
1358, 30824755757
1359, 40908605740
1360, 48397302183
1361, 53790500249
1362, 56567825245
1363, 51880531062
1364, 40404937690
1365, 19600541512
1366, 3579499378
1367, 564078607591
1368, 9546580226
1369, 1720858781
1370, 5603661529
1371, 7888177345
1372, 9368800715
1373, 10343522905
1374, 11219179300
1375, 12779663753
1376, 7939931478
1377, 6657548569
1378, 7898530967
1379, 12026403641
1380, 15955243392
1381, 21988751481
1382, 30313394824
1383, 40736591698
1384, 48461337670
1385, 54040651058
1386, 56690350020
1387, 51462836552
1388, 39623286727
1389, 19013186402
1390, 3480850165
1391, 549102067760
1392, 9157184785
1393, 1630058871
1394, 5270087396
1395, 7411108168
1396, 8813235556
1397, 9773203301
1398, 10667365264
1399, 12376693517
1400, 7543036050
1401, 6173850402
1402, 7366509922
1403, 11333771285
1404, 15081477633
1405, 20951384955
1406, 29222422502
1407, 39813691739
1408, 47699938223
1409, 53205296232
1410, 55696158621
1411, 50102027216
1412, 38126612935
1413, 18175267020
1414, 3351760765
1415, 524431444930
1416, 8641722291
1417, 1522757138
1418, 4874994415
1419, 6852090747
1420, 8136854487
1421, 9058008419
1422, 9940364370
1423, 11736589153
1424, 7005029922
1425, 5620199824
1426, 6709164293
1427, 10446469581
1428, 14019466811
1429, 19650491442
1430, 27618306731
1431, 38161302394
1432, 46078025035
1433, 51413854117
1434, 53696156661
1435, 47837623290
1436, 35937420119
1437, 17049048112
1438, 3172519680
1439, 490105062354
1440, 7997234599
1441, 1390244901
1442, 4425942531
1443, 6225342094
1444, 7381964945
1445, 8229503774
1446, 9060857537
1447, 10907866037
1448, 6368235925
1449, 5014802727
1450, 5970764621
1451, 9413283961
1452, 12773032060
1453, 18131442302
1454, 25629430473
1455, 35811671403
1456, 43627971573
1457, 48799595864
1458, 50709165540
1459, 44702119008
1460, 33155083582
1461, 15656119455
1462, 2931291886
1463, 447891290188
1464, 7235631055
1465, 1238627553
1466, 3942617712
1467, 5556408100
1468, 6583104906
1469, 7339316211
1470, 8082460484
1471, 9910797679
1472, 5675597267
1473, 4378054875
1474, 5206538803
1475, 8285301070
1476, 11376144133
1477, 16432580053
1478, 23390474425
1479, 32903986115
1480, 40478148339
1481, 45388363620
1482, 46977053587
1483, 40878029258
1484, 29891828802
1485, 14061140837
1486, 2627503631
1487, 400252230719
1488, 6397207012
1489, 1074879147
1490, 3435288806
1491, 4868971773
1492, 5765724969
1493, 6435259256
1494, 7064592995
1495, 8801348822
1496, 4951693670
1497, 3744232550
1498, 4445259841
1499, 7124866614
1500, 9897710988
1501, 14588376469
1502, 20965680041
1503, 29636367590
1504, 36752611763
1505, 41331724020
1506, 42633863131
1507, 36551978374
1508, 26281587645
1509, 12370569888
1510, 2295529894
1511, 349867696552
1512, 5530388491
1513, 913309424
1514, 2924114191
1515, 4175370765
1516, 4956480432
1517, 5540718614
1518, 6065697574
1519, 7648307975
1520, 4222087838
1521, 3136337019
1522, 3707666214
1523, 5998566982
1524, 8412355665
1525, 12656148043
1526, 18431074399
1527, 26171240628
1528, 32649929529
1529, 36859465092
1530, 37828854671
1531, 31957523838
1532, 22538756425
1533, 10657521648
1534, 1964241392
1535, 299431577997
1536, 4676343694
1537, 754179679
1538, 2429733963
1539, 3492642723
1540, 4168187407
1541, 4681792067
1542, 5110873018
1543, 6515554945
1544, 3511611522
1545, 2574139983
1546, 3021828790
1547, 4933175876
1548, 6982949755
1549, 10718517260
1550, 15849690551
1551, 22658084013
1552, 28373225071
1553, 32159743077
1554, 32805230472
1555, 27300625144
1556, 18823983080
1557, 8980816079
1558, 1652974799
1559, 250392523602
1560, 3871327402
1561, 612523854
1562, 1974569623
1563, 2850459813
1564, 3417787009
1565, 3868432784
1566, 4228083394
1567, 5439038698
1568, 2844282618
1569, 2068959794
1570, 2410813036
1571, 3949416347
1572, 5667164591
1573, 8863415722
1574, 13296348175
1575, 19210437472
1576, 24115523413
1577, 27413098139
1578, 27810980065
1579, 22751338718
1580, 15338922146
1581, 7390561516
1582, 1364414697
1583, 203873993370
1584, 3129698820
1585, 483781667
1586, 1566827074
1587, 2270619269
1588, 2725465036
1589, 3110587663
1590, 3420609482
1591, 4452554977
1592, 2240712295
1593, 1626841478
1594, 1883526057
1595, 3082509971
1596, 4487070176
1597, 7157338320
1598, 10871326432
1599, 15899686131
1600, 20038346303
1601, 22817806760
1602, 23014120296
1603, 18487702640
1604, 12196290197
1605, 5928946731
1606, 1096375548
1607, 161699872836
1608, 2459701761
1609, 370413245
1610, 1215211027
1611, 1768472045
1612, 2118604871
1613, 2427855278
1614, 2693361790
1615, 3560806153
1616, 1721445127
1617, 1245846552
1618, 1438435805
1619, 2345908866
1620, 3455501989
1621, 5645441679
1622, 8660302934
1623, 12806092772
1624, 16269587351
1625, 18527261721
1626, 18570764688
1627, 14639352735
1628, 9469079807
1629, 4643292006
1630, 853930683
1631, 124935221654
1632, 1880002539
1633, 274877255
1634, 917444621
1635, 1348114127
1636, 1608245036
1637, 1839599437
1638, 2057415153
1639, 2770748649
1640, 1285894618
1641, 926577141
1642, 1072823288
1643, 1740715548
1644, 2591451562
1645, 4339789472
1646, 6720557300
1647, 10026710553
1648, 12873820525
1649, 14658225020
1650, 14593002956
1651, 11283196604
1652, 7175508183
1653, 3556183308
1654, 647309130
1655, 94044159908
1656, 1397989872
1657, 197995151
1658, 671463918
1659, 1002989490
1660, 1192168437
1661, 1355529455
1662, 1522303165
1663, 2094194526
1664, 930208008
1665, 667915086
1666, 775532660
1667, 1256291633
1668, 1892310246
1669, 3241712860
1670, 5078948342
1671, 7629387581
1672, 9898345674
1673, 11295911930
1674, 11143514520
1675, 8450343296
1676, 5306655120
1677, 2661096501
1678, 479854357
1679, 68885383543
1680, 1011808919
1681, 138625816
1682, 477331690
1683, 722636312
1684, 860369751
1685, 972628692
1686, 1090633405
1687, 1536340023
1688, 651459938
1689, 466167312
1690, 541263810
1691, 880629052
1692, 1345725394
1693, 2351773724
1694, 3728188801
1695, 5637996688
1696, 7380682090
1697, 8469078918
1698, 8253440991
1699, 6138359550
1700, 3819370799
1701, 1943063897
1702, 347115035
1703, 49006422855
1704, 711403861
1705, 94251742
1706, 329102956
1707, 505135656
1708, 600362410
1709, 678183013
1710, 757227553
1711, 1092319453
1712, 441089562
1713, 315046023
1714, 364525592
1715, 595287285
1716, 929132681
1717, 1655465215
1718, 2644847022
1719, 4042882827
1720, 5331163834
1721, 6154115027
1722, 5922048718
1723, 4308927335
1724, 2668451920
1725, 1381576565
1726, 244018351
1727, 33691435602
1728, 484774110
1729, 62111278
1730, 219672301
1731, 342016964
1732, 404862044
1733, 456943709
1734, 507564710
1735, 751863825
1736, 288520847
1737, 206241015
1738, 237875693
1739, 385078791
1740, 620747824
1741, 1129440784
1742, 1810110454
1743, 2804711975
1744, 3726938123
1745, 4323882826
1746, 4109400126
1747, 2917275054
1748, 1807698694
1749, 952386527
1750, 166288516
1751, 22271046001
1752, 317958332
1753, 38931214
1754, 141260116
1755, 224003586
1756, 263388385
1757, 297244368
1758, 326199155
1759, 498060794
1760, 182076870
1761, 130336315
1762, 150177703
1763, 238657517
1764, 398698771
1765, 744543670
1766, 1191616694
1767, 1872475671
1768, 2518006690
1769, 2930335729
1770, 2749860388
1771, 1898568112
1772, 1180808666
1773, 632504605
1774, 108649405
1775, 14115995375
1776, 199208128
1777, 23019568
1778, 87128739
1779, 141804752
1780, 165555581
1781, 186536488
1782, 201033002
1783, 314759291
1784, 110358380
1785, 79139447
1786, 91669635
1787, 142184351
1788, 244430153
1789, 472558427
1790, 752103287
1791, 1198823783
1792, 1640721219
1793, 1909995236
1794, 1769141961
1795, 1184997813
1796, 739945603
1797, 403138329
1798, 67825210
1799, 8571164585
1800, 118780116
1801, 12835526
1802, 51211263
1803, 86676701
1804, 100379374
1805, 112838493
1806, 119185849
1807, 189498839
1808, 63647547
1809, 45926474
1810, 53631500
1811, 81230080
1812, 142705592
1813, 286753752
1814, 453887081
1815, 733864460
1816, 1026083438
1817, 1195094672
1818, 1089580733
1819, 707173029
1820, 443393972
1821, 246095753
1822, 40678873
1823, 4985191465
1824, 67364367
1825, 6784000
1826, 28493812
1827, 50753611
1828, 58771043
1829, 65430455
1830, 68175167
1831, 108650483
1832, 34811158
1833, 25166443
1834, 29664541
1835, 44317798
1836, 79376319
1837, 164880221
1838, 261157983
1839, 428508234
1840, 613308325
1841, 715652041
1842, 639781273
1843, 402823276
1844, 253704743
1845, 143494900
1846, 23412974
1847, 2775852996
1848, 36366515
1849, 3422026
1850, 14970873
1851, 28102984
1852, 33082098
1853, 36284248
1854, 37447782
1855, 59402385
1856, 17997452
1857, 13090894
1858, 15470846
1859, 22911304
1860, 41996213
1861, 88917884
1862, 142860032
1863, 237848613
1864, 348914277
1865, 408333483
1866, 356955305
1867, 218634661
1868, 138164035
1869, 79812523
1870, 12890398
1871, 1478154209
1872, 18698091
1873, 1677643
1874, 7461279
1875, 14605113
1876, 17696681
1877, 19165715
1878, 19725606
1879, 30906971
1880, 8798089
1881, 6520113
1882, 7500552
1883, 11078422
1884, 21101807
1885, 44474267
1886, 73803854
1887, 125139556
1888, 188135461
1889, 220933643
1890, 188218558
1891, 112513629
1892, 71486033
1893, 42379579
1894, 6799794
1895, 748499843
1896, 9167572
1897, 775616
1898, 3496621
1899, 7055882
1900, 8867116
1901, 9522468
1902, 9849717
1903, 15250517
1904, 4045751
1905, 3120354
1906, 3414462
1907, 4995251
1908, 10101890
1909, 20386792
1910, 35701137
1911, 62207383
1912, 95681876
1913, 112695908
1914, 93256343
1915, 54769420
1916, 34944592
1917, 21325952
1918, 3435884
1919, 358223883
1920, 4248496
1921, 338851
1922, 1529367
1923, 3169955
1924, 4113013
1925, 4434441
1926, 4626239
1927, 7068254
1928, 1739893
1929, 1441450
1930, 1466993
1931, 2071965
1932, 4580086
1933, 8460368
1934, 15958199
1935, 29028122
1936, 45675238
1937, 53806171
1938, 43226148
1939, 25058194
1940, 16012233
1941, 10080588
1942, 1653934
1943, 160138630
1944, 1840142
1945, 135817
1946, 621064
1947, 1322804
1948, 1759075
1949, 1928175
1950, 2030375
1951, 3055315
1952, 687624
1953, 626131
1954, 584043
1955, 783346
1956, 1951832
1957, 3176839
1958, 6524100
1959, 12595445
1960, 20351114
1961, 23870077
1962, 18629039
1963, 10701349
1964, 6854637
1965, 4434005
1966, 746997
1967, 66052005
1968, 730067
1969, 48820
1970, 230327
1971, 513574
1972, 686334
1973, 776246
1974, 817006
1975, 1229893
1976, 244774
1977, 248125
1978, 213058
1979, 268501
1980, 761855
1981, 1088405
1982, 2394729
1983, 5017687
1984, 8359723
1985, 9764064
1986, 7410866
1987, 4234523
1988, 2720917
1989, 1792480
1990, 311361
1991, 24893584
1992, 257842
1993, 15837
1994, 80560
1995, 186712
1996, 244836
1997, 286280
1998, 297022
1999, 455774
2000, 74704
2001, 88180
2002, 66680
2003, 79334
2004, 264405
2005, 339190
2006, 784471
2007, 1811475
2008, 3121664
2009, 3633216
2010, 2680226
2011, 1530574
2012, 979696
2013, 650082
2014, 117071
2015, 8400108
2016, 78677
2017, 4208
2018, 25522
2019, 62177
2020, 81770
2021, 97970
2022, 94361
2023, 152087
2024, 18640
2025, 26282
2026, 17648
2027, 19973
2028, 79738
2029, 96065
2030, 226330
2031, 576959
2032, 1040040
2033, 1200004
2034, 857090
2035, 492145
2036, 310232
2037, 208122
2038, 38820
2039, 2517477
2040, 19313
2041, 863
2042, 7078
2043, 18258
2044, 25326
2045, 30933
2046, 26296
2047, 43960
2048, 3709
2049, 6112
2050, 3902
2051, 4231
2052, 19338
2053, 22537
2054, 57316
2055, 156947
2056, 303489
2057, 343059
2058, 234566
2059, 136185
2060, 83193
2061, 56956
2062, 10860
2063, 652888
2064, 3688
2065, 164
2066, 1609
2067, 4459
2068, 7108
2069, 8805
2070, 6384
2071, 10792
2072, 466
2073, 1001
2074, 619
2075, 647
2076, 3620
2077, 3821
2078, 12412
2079, 35459
2080, 75528
2081, 82464
2082, 53335
2083, 30648
2084, 17766
2085, 12483
2086, 2323
2087, 136728
2088, 506
2089, 10
2090, 269
2091, 879
2092, 1653
2093, 2149
2094, 1404
2095, 1921
2096, 31
2097, 102
2098, 52
2099, 89
2100, 496
2101, 479
2102, 1987
2103, 6280
2104, 15337
2105, 16251
2106, 9673
2107, 5194
2108, 2740
2109, 1921
2110, 324
2111, 21840
2112, 26
2113, 0
2114, 35
2115, 132
2116, 272
2117, 417
2118, 286
2119, 256
2120, 0
2121, 4
2122, 2
2123, 14
2124, 22
2125, 36
2126, 201
2127, 837
2128, 2289
2129, 2650
2130, 1393
2131, 676
2132, 300
2133, 157
2134, 30
2135, 2532
2136, 0
2137, 0
2138, 2
2139, 8
2140, 27
2141, 55
2142, 59
2143, 20
2144, 0
2145, 0
2146, 0
2147, 0
2148, 0
2149, 2
2150, 16
2151, 79
2152, 221
2153, 345
2154, 153
2155, 59
2156, 17
2157, 6
2158, 1
2159, 177
2160, 0
2161, 0
2162, 0
2163, 0
2164, 2
2165, 3
2166, 7
2167, 0
2168, 0
2169, 0
2170, 0
2171, 0
2172, 0
2173, 0
2174, 0
2175, 2
2176, 10
2177, 21
2178, 2
2179, 0
2180, 0
2181, 1
2182, 0
2183, 2
2184, 0
2185, 0
2186, 0
2187, 0
2188, 0
2189, 0
2190, 0
2191, 0
2192, 0
2193, 0
2194, 0
2195, 0
2196, 0
2197, 0
2198, 0
2199, 0
2200, 0
2201, 0
2202, 0
2203, 0
2204, 0
2205, 0
2206, 0
2207, 0
2208, 0

work assignments remaining
  { start_state:1, end_state:1, root_pos:94, root_options:[24,5,2], current:"25,25,25,25,25,25,25,25,25,25,25,25,25,25,25,25,25,25,25,25,25,1,25,0,0,25,25,25,25,25,25,25,25,25,25,25,25,25,25,25,25,25,25,25,25,3,0,25,25,0,25,25,25,25,25,25,25,25,25,25,25,25,25,25,25,25,25,25,25,1,25,0,25,25,0,25,25,25,25,25,25,25,25,25,25,25,25,25,25,25,25,25,25,1,25,25,0,25,25,0,25,25,25,25,25,25,25,25,25,25,25,25,25,25,25,25,25,1,25,25,25,0,25,25,0,25,25,25,25,25,25,25,25,25,25,25,25,25,25,25,25,1,25,25,25,25,0,25,25,0,25,25,25,25,25,25,25,25,25,25,25,25,25,25,25,1,25,25,25,25,25,0,25,25,0,25,25,25,25,25,25,25,25,25,25,25,25,25,25,1,25,25,25,25,25,25,0,25,25,0,25,25,25,25,25,25,25,25,25,25,25,25,25,11,0,25,25,25,25,25,25,0,25,25,25,25,25,25,25,25,25,25,25,25,25,25,25,1,25,0,25,25,25,25,25,25,0,25,25,25,25,25,25,25,25,25,25,25,25,25,25,1,25,25,0,25,25,25,25,25,25,0,25,25,25,25,25,25,25,25,25,25,25,25,25,4,0,25,25,25,25,25,25,25,25,25,0,25,25,25,25,25,25,25,25,25,25,25,25,1,25,0,25,25,25,25,25,25,25,25,25,0,25,25,25,25,25,25,25,25,25,25,25,1,25,25,0,25,25,25,25,25,25,25,25,25,0,25,25,25,25,25,25,25,25,25,25,4,0,25,25,25,25,25,25,25,25,25,25,25,25,0,25,25,25,25,25,25,25,25,25,1,25,0,25,25,25,25,25,25,25,25,25,25,25,25,0,25,25,25,25,25,25,25,25,1,25,25,0,25,25,25,25,25,25,25,25,25,25,25,25,0,25,25,25,25,25,25,25,1,25,25,25,0,25,25,25,25,25,25,25,25,25,25,25,25,0,25,25,25,25,25,25,18,0,25,25,25,0,25,25,25,25,25,25,25,25,25,25,25,25,25,25,25,25,25,25,1,25,0,25,25,25,0,25,25,25,25,25,25,25,25,25,25,25,25,25,25,25,25,25,1,25,25,0,25,25,25,0,25,25,25,25,25,25,25,25,25,25,25,25,25,25,25,25,1,25,25,25,0,25,25,25,0,25,25,25,25,25,25,25,25,25,25,25,25,25,25,25,1,25,25,25,25,0,25,25,25,0,25,25,25,25,25,25,25,25,25,25,25,25,25,25,10,0,25,25,25,25,0,25,25,25,25,25,25,25,25,25,25,25,25,25,25,25,25,25,1,25,0,25,25,25,25,0,25,25,25,25,25,25,25,25,25,25,25,25,25,25,25,25,1,25,25,0,25,25,25,25,0,25,25,25,25,25,25,25,25,25,25,25,25,25,25,25,1,25,25,25,0,25,25,25,25,0,25,25,25,25,25,25,25,25,25,25,25,25,25,25,5,0,25,25,25,25,25,25,25,25,0,25,25,25,25,25,25,25,25,25,25,25,25,25,1,25,0,25,25,25,25,25,25,25,25,0,25,25,25,25,25,25,25,25,25,25,25,25,3,0,25,25,25,25,25,25,25,25,25,25,0,25,25,25,25,25,25,25,25,25,25,25,1,25,0,25,25,25,25,25,25,25,25,25,25,0,25,25,25,25,25,25,25,25,25,25,1,25,25,0,25,25,25,25,25,25,25,25,25,25,0,25,25,25,25,25,25,25,25,25,1,25,25,25,0,25,25,25,25,25,25,25,25,25,25,0,25,25,25,25,25,25,25,25,5,0,25,25,25,25,25,25,25,25,25,25,25,25,25,25,0,25,25,25,25,25,25,25,2,0,25,25,25,25,25,25,25,25,25,25,25,25,25,25,25,0,25,25,25,25,25,25,2,0,25,25,25,25,25,25,25,25,25,25,25,25,25,25,25,25,0,25,25,25,25,25,2,0,25,25,25,25,25,25,25,25,25,25,25,25,25,25,25,25,8,0,25,25,25,25,25,0,25,25,25,25,25,25,25,25,25,25,25,25,25,25,25,25,1,25,0,25,25,25,25,25,0,25,25,25,25,25,25,25,25,25,25,25,25,25,25,25,3,0,25,25,25,25,25,25,25,0,25,25,25,25,25,25,25,25,25,25,25,25,25,25,1,25,0,25,25,25,25,25,25,25,0,25,25,25,25,25,25,25,25,25,25,25,25,25,1,25,25,0,25,25,25,25,25,25,25,0,25,25,25,25,25,25,25,25,25,25,25,25,1,25,25,25,0,25,25,25,25,25,25,25,0,25,25,25,25,25,25,25,25,25,25,25,1,25,25,25,25,0,25,25,25,25,25,25,25,0,25,25,25,25,25,25,25,25,25,25,1,25,25,25,25,25,0,25,25,25,25,25,25,25,0,25,25,25,25,25,25,25,25,25,7,0,25,25,25,25,25,25,25,25,25,25,25,25,25,0,25,25,25,25,25,25,25,25,1,25,0,25,25,25,25,25,25,25,25,25,25,25,25,25,0,25,25,25,25,25,25,25,1,25,25,0,25,25,25,25,25,25,25,25,25,25,25,25,25,0,25,25,25,25,25,25,1,25,25,25,0,25,25,25,25,25,25,25,25,25,25,25,25,25,0,25,25,25,25,25,1,25,25,25,25,0,25,25,25,25,25,25,25,25,25,25,25,25,25,0,25,25,25,25,6,0,25,25,25,25,25,25,25,25,25,25,25,25,25,25,25,25,25,25,0,25,25,25,2,0,25,25,25,25,25,25,25,25,25,25,25,25,25,25,25" }
  { start_state:1, end_state:1, root_pos:93, root_options:[1], current:"25,25,25,25,25,25,25,25,25,25,25,25,25,25,25,25,25,25,25,25,25,1,25,0,0,25,25,25,25,25,25,25,25,25,25,25,25,25,25,25,25,25,25,25,25,1,25,25,0,0,25,25,25,25,25,25,25,25,25,25,25,25,25,25,25,25,25,25,25,1,25,25,25,0,0,25,25,25,25,25,25,25,25,25,25,25,25,25,25,25,25,25,25,5,0,25,25,25,25,0,25,25,25,25,25,25,25,25,25,25,25,25,25,25,25,25,25,1,25,0,25,25,25,25,0,25,25,25,25,25,25,25,25,25,25,25,25,25,25,25,25,3,0,25,25,25,25,25,25,0,25,25,25,25,25,25,25,25,25,25,25,25,25,25,25,1,25,0,25,25,25,25,25,25,0,25,25,25,25,25,25,25,25,25,25,25,25,25,25,1,25,25,0,25,25,25,25,25,25,0,25,25,25,25,25,25,25,25,25,25,25,25,25,1,25,25,25,0,25,25,25,25,25,25,0,25,25,25,25,25,25,25,25,25,25,25,25,5,0,25,25,25,25,25,25,25,25,25,25,0,25,25,25,25,25,25,25,25,25,25,25,1,25,0,25,25,25,25,25,25,25,25,25,25,0,25,25,25,25,25,25,25,25,25,25,3,0,25,25,25,25,25,25,25,25,25,25,25,25,0,25,25,25,25,25,25,25,25,25,1,25,0,25,25,25,25,25,25,25,25,25,25,25,25,0,25,25,25,25,25,25,25,25,1,25,25,0,25,25,25,25,25,25,25,25,25,25,25,25,0,25,25,25,25,25,25,25,4,0,25,25,25,25,25,25,25,25,25,25,25,25,25,25,25,0,25,25,25,25,25,25,1,25,0,25,25,25,25,25,25,25,25,25,25,25,25,25,25,25,0,25,25,25,25,25,1,25,25,0,25,25,25,25,25,25,25,25,25,25,25,25,25,25,25,0,25,25,25,25,1,25,25,25,0,25,25,25,25,25,25,25,25,25,25,25,25,25,25,25,0,25,25,25,21,0,25,25,25,0,25,25,25,25,25,25,25,25,25,25,25,25,25,25,25,25,25,25,1,25,0,25,25,25,0,25,25,25,25,25,25,25,25,25,25,25,25,25,25,25,25,25,1,25,25,0,25,25,25,0,25,25,25,25,25,25,25,25,25,25,25,25,25,25,25,25,8,0,25,25,0,25,25,25,25,25,25,25,25,25,25,25,25,25,25,25,25,25,25,25,1,25,0,25,25,0,25,25,25,25,25,25,25,25,25,25,25,25,25,25,25,25,25,25,6,0,25,0,25,25,25,25,25,25,25,25,25,25,25,25,25,25,25,25,25,25,25,25,1,25,0,25,0,25,25,25,25,25,25,25,25,25,25,25,25,25,25,25,25,25,25,25,1,25,25,0,25,0,25,25,25,25,25,25,25,25,25,25,25,25,25,25,25,25,25,25,1,25,25,25,0,25,0,25,25,25,25,25,25,25,25,25,25,25,25,25,25,25,25,25,1,25,25,25,25,0,25,0,25,25,25,25,25,25,25,25,25,25,25,25,25,25,25,25,1,25,25,25,25,25,0,25,0,25,25,25,25,25,25,25,25,25,25,25,25,25,25,8,25,0,25,25,25,25,25,25,25,0,25,25,25,25,25,25,25,25,25,25,25,25,25,1,25,25,0,25,25,25,25,25,25,25,0,25,25,25,25,25,25,25,25,25,25,25,25,1,25,25,25,0,25,25,25,25,25,25,25,0,25,25,25,25,25,25,25,25,25,25,25,1,25,25,25,25,0,25,25,25,25,25,25,25,0,25,25,25,25,25,25,25,25,25,25,1,25,25,25,25,25,0,25,25,25,25,25,25,25,0,25,25,25,25,25,25,25,25,25,15,0,25,25,25,25,25,0,25,25,25,25,25,25,25,25,25,25,25,25,25,25,25,25,1,25,0,25,25,25,25,25,0,25,25,25,25,25,25,25,25,25,25,25,25,25,25,25,1,25,25,0,25,25,25,25,25,0,25,25,25,25,25,25,25,25,25,25,25,25,25,25,1,25,25,25,0,25,25,25,25,25,0,25,25,25,25,25,25,25,25,25,25,25,25,25,5,0,25,25,25,25,25,25,25,25,25,0,25,25,25,25,25,25,25,25,25,25,25,25,1,25,0,25,25,25,25,25,25,25,25,25,0,25,25,25,25,25,25,25,25,25,25,25,1,25,25,0,25,25,25,25,25,25,25,25,25,0,25,25,25,25,25,25,25,25,25,25,1,25,25,25,0,25,25,25,25,25,25,25,25,25,0,25,25,25,25,25,25,25,25,25,1,25,25,25,25,0,25,25,25,25,25,25,25,25,25,0,25,25,25,25,25,25,25,25,1,25,25,25,25,25,0,25,25,25,25,25,25,25,25,25,0,25,25,25,25,25,25,25,1,25,25,25,25,25,25,0,25,25,25,25,25,25,25,25,25,0,25,25,25,25,25,25,1,25,25,25,25,25,25,25,0,25,25,25,25,25,25,25,25,25,0,25,25,25,25,25,19,0,25,25,25,25,25,25,25,0,25,25,25,25,25,25,25,25,25,25,25,25,25,25,2,0,25,25,25,25,25,25,25,25,0,25,25,25,25,25,25,25,25,25,25,25,25,25,1,25,0,25,25,25,25,25,25,25,25,0,25,25,25,25,25,25,25,25,25,25,25,25,1,25,25,0,25,25,25,25,25,25,25,25,0,25,25,25,25,25,25,25,25,25,25,25,4,0,25,25,25,25,25,25,25,25,25,25,25,0,25,25,25,25,25,25,25,25,25,25,1,25,0,25,25,25,25,25,25,25,25,25,25,25,0,25,25,25,25,25,25,25,25,25,3,0,25,25,25,25,25,25,25,25,25,25,25,25,25,0,25,25,25,25,25,25,25,25,1,25,0,25,25,25,25,25,25,25,25,25,25,25,25,25,0,25,25,25,25,25,25,25,1,25,25,0,25,25,25,25,25,25,25,25,25,25,25,25,25,0,25,25,25,25,25,25,1,25,25,25,0,25,25,25,25,25,25,25,25,25,25,25,25,25,0,25,25,25,25,25,5,0,25,25,25,25,25,25,25,25,25,25,25,25,25" }
  { start_state:1, end_state:1, root_pos:94, root_options:[24,4,1], current:"25,25,25,25,25,25,25,25,25,25,25,25,25,25,25,25,25,25,25,25,25,1,25,0,0,25,25,25,25,25,25,25,25,25,25,25,25,25,25,25,25,25,25,25,25,1,25,25,0,0,25,25,25,25,25,25,25,25,25,25,25,25,25,25,25,25,25,25,25,5,0,25,25,0,25,25,25,25,25,25,25,25,25,25,25,25,25,25,25,25,25,25,25,1,25,0,25,25,0,25,25,25,25,25,25,25,25,25,25,25,25,25,25,25,25,25,25,1,25,25,0,25,25,0,25,25,25,25,25,25,25,25,25,25,25,25,25,25,25,25,25,1,25,25,25,0,25,25,0,25,25,25,25,25,25,25,25,25,25,25,25,25,25,25,25,1,25,25,25,25,0,25,25,0,25,25,25,25,25,25,25,25,25,25,25,25,25,25,25,1,25,25,25,25,25,0,25,25,0,25,25,25,25,25,25,25,25,25,25,25,25,25,25,1,25,25,25,25,25,25,0,25,25,0,25,25,25,25,25,25,25,25,25,25,25,25,25,1,25,25,25,25,25,25,25,0,25,25,0,25,25,25,25,25,25,25,25,25,25,25,25,1,25,25,25,25,25,25,25,25,0,25,25,0,25,25,25,25,25,25,25,25,25,25,25,13,0,25,25,25,25,25,25,25,25,0,25,25,25,25,25,25,25,25,25,25,25,25,25,1,25,0,25,25,25,25,25,25,25,25,0,25,25,25,25,25,25,25,25,25,25,25,25,1,25,25,0,25,25,25,25,25,25,25,25,0,25,25,25,25,25,25,25,25,25,25,25,1,25,25,25,0,25,25,25,25,25,25,25,25,0,25,25,25,25,25,25,25,25,25,25,14,0,25,25,25,0,25,25,25,25,25,25,25,25,25,25,25,25,25,25,25,25,25,25,1,25,0,25,25,25,0,25,25,25,25,25,25,25,25,25,25,25,25,25,25,25,25,2,25,25,25,0,25,25,25,0,25,25,25,25,25,25,25,25,25,25,25,25,25,25,25,1,25,25,25,25,0,25,25,25,0,25,25,25,25,25,25,25,25,25,25,25,25,25,25,1,25,25,25,25,25,0,25,25,25,0,25,25,25,25,25,25,25,25,25,25,25,25,25,1,25,25,25,25,25,25,0,25,25,25,0,25,25,25,25,25,25,25,25,25,25,25,25,1,25,25,25,25,25,25,25,0,25,25,25,0,25,25,25,25,25,25,25,25,25,25,25,1,25,25,25,25,25,25,25,25,0,25,25,25,0,25,25,25,25,25,25,25,25,25,25,10,0,25,25,25,25,25,25,25,25,25,25,25,25,0,25,25,25,25,25,25,25,25,25,1,25,0,25,25,25,25,25,25,25,25,25,25,25,25,0,25,25,25,25,25,25,25,25,3,0,25,25,25,25,25,25,25,25,25,25,25,25,25,25,0,25,25,25,25,25,25,25,1,25,0,25,25,25,25,25,25,25,25,25,25,25,25,25,25,0,25,25,25,25,25,25,3,0,25,25,25,25,25,25,25,25,25,25,25,25,25,25,25,25,0,25,25,25,25,25,2,0,25,25,25,25,25,25,25,25,25,25,25,25,25,25,25,25,25,0,25,25,25,25,2,0,25,25,25,25,25,25,25,25,25,25,25,25,25,25,25,25,25,25,0,25,25,25,1,25,0,25,25,25,25,25,25,25,25,25,25,25,25,25,25,25,25,25,25,0,25,25,22,0,25,0,25,25,25,25,25,25,25,25,25,25,25,25,25,25,25,25,25,25,25,25,1,25,0,25,0,25,25,25,25,25,25,25,25,25,25,25,25,25,25,25,25,25,25,25,1,25,25,0,25,0,25,25,25,25,25,25,25,25,25,25,25,25,25,25,25,25,25,25,4,0,25,25,25,25,0,25,25,25,25,25,25,25,25,25,25,25,25,25,25,25,25,25,1,25,0,25,25,25,25,0,25,25,25,25,25,25,25,25,25,25,25,25,25,25,25,25,1,25,25,0,25,25,25,25,0,25,25,25,25,25,25,25,25,25,25,25,25,25,25,25,1,25,25,25,0,25,25,25,25,0,25,25,25,25,25,25,25,25,25,25,25,25,25,25,1,25,25,25,25,0,25,25,25,25,0,25,25,25,25,25,25,25,25,25,25,25,25,25,1,25,25,25,25,25,0,25,25,25,25,0,25,25,25,25,25,25,25,25,25,25,25,25,7,0,25,25,25,25,25,25,25,25,25,25,0,25,25,25,25,25,25,25,25,25,25,25,1,25,0,25,25,25,25,25,25,25,25,25,25,0,25,25,25,25,25,25,25,25,25,25,1,25,25,0,25,25,25,25,25,25,25,25,25,25,0,25,25,25,25,25,25,25,25,25,1,25,25,25,0,25,25,25,25,25,25,25,25,25,25,0,25,25,25,25,25,25,25,25,1,25,25,25,25,0,25,25,25,25,25,25,25,25,25,25,0,25,25,25,25,25,25,25,1,25,25,25,25,25,0,25,25,25,25,25,25,25,25,25,25,0,25,25,25,25,25,25,1,25,25,25,25,25,25,0,25,25,25,25,25,25,25,25,25,25,0,25,25,25,25,25,1,25,25,25,25,25,25,25,0,25,25,25,25,25,25,25,25,25,25,0,25,25,25,25,20,0,25,25,25,25,25,25,25,0,25,25,25,25,25,25,25,25,25,25,25,25,25,25,1,25,0,25,25,25,25,25,25,25,0,25,25,25,25,25,25,25,25,25,25,25,25,25,3,0,25,25,25,25,25,25,25,25,25,0,25,25,25,25,25,25,25,25,25,25,25,25,1,25,0,25,25,25,25,25,25,25,25,25,0,25,25,25,25,25,25,25,25,25,25,25,1,25,25,0,25,25,25,25,25,25,25,25,25,0,25,25,25,25,25,25,25,25,25,25,1,25,25,25,0,25,25,25,25,25,25,25,25,25,0,25,25,25,25,25,25,25,25,25,1,25,25,25,25,0,25,25,25,25,25,25,25,25,25,0,25,25,25,25,25,25,25,25,1,25,25,25,25,25,0,25,25,25,25,25,25,25,25,25,0,25,25,25,25,25,25,25,17,0,25,25,25,25,25,0,25,25,25,25,25,25,25,25,25,25,25,25,25,25,25,25,1,25,0,25,25,25,25,25,0,25,25,25,25,25,25,25,25,25,25,25,25,25,25,25,1,25,25,0,25,25,25,25,25,0,25,25,25,25,25,25,25,25,25,25,25,25,25,25,1,25,25,25,0,25,25,25,25,25,0,25,25,25,25,25,25,25,25,25,25,25,25,25,1,25,25,25,25,0,25,25,25,25,25,0,25,25,25,25,25,25" }
  { start_state:1, end_state:1, root_pos:94, root_options:[24,5,3], current:"25,25,25,25,25,25,25,25,25,25,25,25,25,25,25,25,25,25,25,25,25,2,0,25,0,25,25,25,25,25,25,25,25,25,25,25,25,25,25,25,25,25,25,25,25,1,25,0,25,0,25,25,25,25,25,25,25,25,25,25,25,25,25,25,25,25,25,25,25,1,25,25,0,25,0,25,25,25,25,25,25,25,25,25,25,25,25,25,25,25,25,25,25,1,25,25,25,0,25,0,25,25,25,25,25,25,25,25,25,25,25,25,25,25,25,25,25,1,25,25,25,25,0,25,0,25,25,25,25,25,25,25,25,25,25,25,25,25,25,25,25,1,25,25,25,25,25,0,25,0,25,25,25,25,25,25,25,25,25,25,25,25,25,25,2,25,25,25,25,25,25,25,0,25,0,25,25,25,25,25,25,25,25,25,25,25,25,25,1,25,25,25,25,25,25,25,25,0,25,0,25,25,25,25,25,25,25,25,25,25,25,25,12,0,25,25,25,25,25,25,25,25,0,25,25,25,25,25,25,25,25,25,25,25,25,25,2,0,25,25,25,25,25,25,25,25,25,0,25,25,25,25,25,25,25,25,25,25,25,25,1,25,0,25,25,25,25,25,25,25,25,25,0,25,25,25,25,25,25,25,25,25,25,25,1,25,25,0,25,25,25,25,25,25,25,25,25,0,25,25,25,25,25,25,25,25,25,25,1,25,25,25,0,25,25,25,25,25,25,25,25,25,0,25,25,25,25,25,25,25,25,25,1,25,25,25,25,0,25,25,25,25,25,25,25,25,25,0,25,25,25,25,25,25,25,25,1,25,25,25,25,25,0,25,25,25,25,25,25,25,25,25,0,25,25,25,25,25,25,25,17,0,25,25,25,25,25,0,25,25,25,25,25,25,25,25,25,25,25,25,25,25,25,25,2,0,25,25,25,25,25,25,0,25,25,25,25,25,25,25,25,25,25,25,25,25,25,25,1,25,0,25,25,25,25,25,25,0,25,25,25,25,25,25,25,25,25,25,25,25,25,25,1,25,25,0,25,25,25,25,25,25,0,25,25,25,25,25,25,25,25,25,25,25,25,25,1,25,25,25,0,25,25,25,25,25,25,0,25,25,25,25,25,25,25,25,25,25,25,25,5,0,25,25,25,25,25,25,25,25,25,25,0,25,25,25,25,25,25,25,25,25,25,25,1,25,0,25,25,25,25,25,25,25,25,25,25,0,25,25,25,25,25,25,25,25,25,25,1,25,25,0,25,25,25,25,25,25,25,25,25,25,0,25,25,25,25,25,25,25,25,25,4,0,25,25,25,25,25,25,25,25,25,25,25,25,25,0,25,25,25,25,25,25,25,25,2,0,25,25,25,25,25,25,25,25,25,25,25,25,25,25,0,25,25,25,25,25,25,25,2,0,25,25,25,25,25,25,25,25,25,25,25,25,25,25,25,0,25,25,25,25,25,25,1,25,0,25,25,25,25,25,25,25,25,25,25,25,25,25,25,25,0,25,25,25,25,25,1,25,25,0,25,25,25,25,25,25,25,25,25,25,25,25,25,25,25,0,25,25,25,25,20,0,25,25,0,25,25,25,25,25,25,25,25,25,25,25,25,25,25,25,25,25,25,25,1,25,0,25,25,0,25,25,25,25,25,25,25,25,25,25,25,25,25,25,25,25,25,25,1,25,25,0,25,25,0,25,25,25,25,25,25,25,25,25,25,25,25,25,25,25,25,25,1,25,25,25,0,25,25,0,25,25,25,25,25,25,25,25,25,25,25,25,25,25,25,25,8,0,25,25,25,0,25,25,25,25,25,25,25,25,25,25,25,25,25,25,25,25,25,25,1,25,0,25,25,25,0,25,25,25,25,25,25,25,25,25,25,25,25,25,25,25,25,25,1,25,25,0,25,25,25,0,25,25,25,25,25,25,25,25,25,25,25,25,25,25,25,25,1,25,25,25,0,25,25,25,0,25,25,25,25,25,25,25,25,25,25,25,25,25,25,25,5,0,25,25,25,25,25,25,25,0,25,25,25,25,25,25,25,25,25,25,25,25,25,25,1,25,0,25,25,25,25,25,25,25,0,25,25,25,25,25,25,25,25,25,25,25,25,25,1,25,25,0,25,25,25,25,25,25,25,0,25,25,25,25,25,25,25,25,25,25,25,25,1,25,25,25,0,25,25,25,25,25,25,25,0,25,25,25,25,25,25,25,25,25,25,25,1,25,25,25,25,0,25,25,25,25,25,25,25,0,25,25,25,25,25,25,25,25,25,25,6,0,25,25,25,25,25,25,25,25,25,25,25,25,0,25,25,25,25,25,25,25,25,25,1,25,0,25,25,25,25,25,25,25,25,25,25,25,25,0,25,25,25,25,25,25,25,25,1,25,25,0,25,25,25,25,25,25,25,25,25,25,25,25,0,25,25,25,25,25,25,25,1,25,25,25,0,25,25,25,25,25,25,25,25,25,25,25,25,0,25,25,25,25,25,25,5,0,25,25,25,25,25,25,25,25,25,25,25,25,25,25,25,25,0,25" }
  { start_state:1, end_state:1, root_pos:95, root_options:[24,23,3], current:"25,25,25,25,25,25,25,25,25,25,25,25,25,25,25,25,25,25,25,25,25,1,25,0,0,25,25,25,25,25,25,25,25,25,25,25,25,25,25,25,25,25,25,25,25,1,25,25,0,0,25,25,25,25,25,25,25,25,25,25,25,25,25,25,25,25,25,25,25,1,25,25,25,0,0,25,25,25,25,25,25,25,25,25,25,25,25,25,25,25,25,25,25,6,0,25,25,25,0,25,25,25,25,25,25,25,25,25,25,25,25,25,25,25,25,25,25,1,25,0,25,25,25,0,25,25,25,25,25,25,25,25,25,25,25,25,25,25,25,25,25,1,25,25,0,25,25,25,0,25,25,25,25,25,25,25,25,25,25,25,25,25,25,25,25,1,25,25,25,0,25,25,25,0,25,25,25,25,25,25,25,25,25,25,25,25,25,25,25,5,0,25,25,25,25,25,25,25,0,25,25,25,25,25,25,25,25,25,25,25,25,25,25,2,0,25,25,25,25,25,25,25,25,0,25,25,25,25,25,25,25,25,25,25,25,25,25,1,25,0,25,25,25,25,25,25,25,25,0,25,25,25,25,25,25,25,25,25,25,25,25,1,25,25,0,25,25,25,25,25,25,25,25,0,25,25,25,25,25,25,25,25,25,25,25,1,25,25,25,0,25,25,25,25,25,25,25,25,0,25,25,25,25,25,25,25,25,25,25,1,25,25,25,25,0,25,25,25,25,25,25,25,25,0,25,25,25,25,25,25,25,25,25,6,0,25,25,25,25,25,25,25,25,25,25,25,25,12,0,25,25,25,25,25,25,25,25,25,0,25,25,25,25,25,25,25,25,25,25,25,25,1,25,0,25,25,25,25,25,25,25,25,25,0,25,25,25,25,25,25,25,25,25,25,25,1,25,25,0,25,25,25,25,25,25,25,25,25,0,25,25,25,25,25,25,25,25,25,25,1,25,25,25,0,25,25,25,25,25,25,25,25,25,0,25,25,25,25,25,25,25,25,25,1,25,25,25,25,0,25,25,25,25,25,25,25,25,25,0,25,25,25,25,25,25,25,25,16,0,25,25,25,25,0,25,25,25,25,25,25,25,25,25,25,25,25,25,25,25,25,25,2,0,25,25,25,25,25,0,25,25,25,25,25,25,25,25,25,25,25,25,25,25,25,25,1,25,0,25,25,25,25,25,0,25,25,25,25,25,25,25,25,25,25,25,25,25,25,25,1,25,25,0,25,25,25,25,25,0,25,25,25,25,25,25,25,25,25,25,25,25,25,25,1,25,25,25,0,25,25,25,25,25,0,25,25,25,25,25,25,25,25,25,25,25,25,25,1,25,25,25,25,0,25,25,25,25,25,0,25,25,25,25,25,25,25,25,25,25,25,25,1,25,25,25,25,25,0,25,25,25,25,25,0,25,25,25,25,25,25,25,25,25,25,25,1,25,25,25,25,25,25,0,25,25,25,25,25,0,25,25,25,25,25,25,25,25,25,25,8,0,25,25,25,25,25,25,25,25,25,25,25,25,0,25,25,25,25,25,25,25,25,25,1,25,0,25,25,25,25,25,25,25,25,25,25,25,25,0,25,25,25,25,25,25,25,25,1,25,25,0,25,25,25,25,25,25,25,25,25,25,25,25,0,25,25,25,25,25,25,25,4,0,25,25,25,25,25,25,25,25,25,25,25,25,25,25,25,0,25,25,25,25,25,25,2,0,25,25,25,25,25,25,25,25,25,25,25,25,25,25,25,25,0,25,25,25,25,25,2,0,25,25,25,25,25,25,25,25,25,25,25,25,25,25,25,25,25,0,25,25,25,25,1,25,0,25,25,25,25,25,25,25,25,25,25,25,25,25,25,25,25,25,0,25,25,25,21,0,25,0,25,25,25,25,25,25,25,25,25,25,25,25,25,25,25,25,25,25,25,25,1,25,0,25,0,25,25,25,25,25,25,25,25,25,25,25,25,25,25,25,25,25,25,25,1,25,25,0,25,0,25,25,25,25,25,25,25,25,25,25,25,25,25,25,25,25,25,25,6,0,25,25,0,25,25,25,25,25,25,25,25,25,25,25,25,25,25,25,25,25,25,25,1,25,0,25,25,0,25,25,25,25,25,25,25,25,25,25,25,25,25,25,25,25,25,25,1,25,25,0,25,25,0,25,25,25,25,25,25,25,25,25,25,25,25,25,25,25,25,25,1,25,25,25,0,25,25,0,25,25,25,25,25,25,25,25,25,25,25,25,25,25,25,25,5,0,25,25,25,25,25,25,0,25,25,25,25,25,25,25,25,25,25,25,25,25" }
  { start_state:1, end_state:1, root_pos:94, root_options:[24,5,1], current:"25,25,25,25,25,25,25,25,25,25,25,25,25,25,25,25,25,25,25,25,25,1,25,0,0,25,25,25,25,25,25,25,25,25,25,25,25,25,25,25,25,25,25,25,25,1,25,25,0,0,25,25,25,25,25,25,25,25,25,25,25,25,25,25,25,25,25,25,25,4,0,25,25,25,0,25,25,25,25,25,25,25,25,25,25,25,25,25,25,25,25,25,25,1,25,0,25,25,25,0,25,25,25,25,25,25,25,25,25,25,25,25,25,25,25,25,25,1,25,25,0,25,25,25,0,25,25,25,25,25,25,25,25,25,25,25,25,25,25,25,25,4,0,25,25,25,25,25,25,0,25,25,25,25,25,25,25,25,25,25,25,25,25,25,25,1,25,0,25,25,25,25,25,25,0,25,25,25,25,25,25,25,25,25,25,25,25,25,25,1,25,25,0,25,25,25,25,25,25,0,25,25,25,25,25,25,25,25,25,25,25,25,25,1,25,25,25,0,25,25,25,25,25,25,0,25,25,25,25,25,25,25,25,25,25,25,25,5,0,25,25,25,25,25,25,25,25,25,25,0,25,25,25,25,25,25,25,25,25,25,25,1,25,0,25,25,25,25,25,25,25,25,25,25,0,25,25,25,25,25,25,25,25,25,25,1,25,25,0,25,25,25,25,25,25,25,25,25,25,0,25,25,25,25,25,25,25,25,25,1,25,25,25,0,25,25,25,25,25,25,25,25,25,25,0,25,25,25,25,25,25,25,25,1,25,25,25,25,0,25,25,25,25,25,25,25,25,25,25,0,25,25,25,25,25,25,25,1,25,25,25,25,25,0,25,25,25,25,25,25,25,25,25,25,0,25,25,25,25,25,25,1,25,25,25,25,25,25,0,25,25,25,25,25,25,25,25,25,25,0,25,25,25,25,25,1,25,25,25,25,25,25,25,0,25,25,25,25,25,25,25,25,25,25,0,25,25,25,25,20,0,25,25,25,25,25,25,25,0,25,25,25,25,25,25,25,25,25,25,25,25,25,25,2,0,25,25,25,25,25,25,25,25,0,25,25,25,25,25,25,25,25,25,25,25,25,25,1,25,0,25,25,25,25,25,25,25,25,0,25,25,25,25,25,25,25,25,25,25,25,25,1,25,25,0,25,25,25,25,25,25,25,25,0,25,25,25,25,25,25,25,25,25,25,25,1,25,25,25,0,25,25,25,25,25,25,25,25,0,25,25,25,25,25,25,25,25,25,25,1,25,25,25,25,0,25,25,25,25,25,25,25,25,0,25,25,25,25,25,25,25,25,25,1,25,25,25,25,25,0,25,25,25,25,25,25,25,25,0,25,25,25,25,25,25,25,25,1,25,25,25,25,25,25,0,25,25,25,25,25,25,25,25,0,25,25,25,25,25,25,25,8,0,25,25,25,25,25,25,25,25,25,25,25,25,25,25,25,0,25,25,25,25,25,25,1,25,0,25,25,25,25,25,25,25,25,25,25,25,25,25,25,25,0,25,25,25,25,25,3,0,25,25,25,25,25,25,25,25,25,25,25,25,25,25,25,25,25,0,25,25,25,25,1,25,0,25,25,25,25,25,25,25,25,25,25,25,25,25,25,25,25,25,0,25,25,25,1,25,25,0,25,25,25,25,25,25,25,25,25,25,25,25,25,25,25,25,1,25,25,25,25,0,25,25,0,25,25,25,25,25,25,25,25,25,25,25,25,25,25,25,1,25,25,25,25,25,0,25,25,0,25,25,25,25,25,25,25,25,25,25,25,25,25,25,1,25,25,25,25,25,25,0,25,25,0,25,25,25,25,25,25,25,25,25,25,25,25,25,8,0,25,25,25,25,25,25,25,25,25,0,25,25,25,25,25,25,25,25,25,25,25,25,1,25,0,25,25,25,25,25,25,25,25,25,0,25,25,25,25,25,25,25,25,25,25,25,3,0,25,25,25,25,25,25,25,25,25,25,25,0,25,25,25,25,25,25,25,25,25,25,1,25,0,25,25,25,25,25,25,25,25,25,25,25,0,25,25,25,25,25,25,25,25,25,1,25,25,0,25,25,25,25,25,25,25,25,25,25,25,0,25,25,25,25,25,25,25,25,1,25,25,25,0,25,25,25,25,25,25,25,25,25,25,25,0,25,25,25,25,25,25,25,1,25,25,25,25,0,25,25,25,25,25,25,25,25,25,25,25,0,25,25,25,25,25,25,18,0,25,25,25,25,0,25,25,25,25,25,25,25,25,25,25,25,25,25,25,25,25,25,1,25,0,25,25,25,25,0,25,25,25,25,25,25,25,25,25,25,25,25,25,25,25,25,1,25,25,0,25,25,25,25,0,25,25,25,25,25,25,25,25,25,25,25,25,25,25,25,9,0,25,25,0,25,25,25,25,25,25,25,25,25,25,25,25,25,25,25,25,25,25,25,1,25,0,25,25,0,25,25,25,25,25,25,25,25,25,25,25,25,25,25,25,25,25,25,6,0,25,0,25,25,25,25,25,25,25,25,25,25,25,25,25,25,25,25,25,25,25,25,1,25,0,25,0,25,25,25,25,25,25,25,25,25,25,25,25,25,25,25,25,25,25,25,1,25,25,0,25,0,25,25,25,25,25,25,25,25,25,25,25,25,25,25,25,25,25,25,1,25,25,25,0,25,0,25,25,25,25,25,25,25,25,25,25,25,25,25,25,25,25,25,5,0,25,25,25,25,25,0,25,25,25,25,25,25,25,25,25,25,25,25,25,25,25,25,1,25,0,25,25,25,25,25,0,25,25,25,25,25,25,25,25,25,25,25,25,25,25,25,1,25,25,0,25,25,25,25,25,0,25,25,25,25,25,25,25,25,25,25,25,25,25,25,1,25,25,25,0,25,25,25,25,25,0,25,25,25,25,25,25,25,25,25,25,25,25,25,1,25,25,25,25,0,25,25,25,25,25,0,25,25,25,25,25,25,25,25,25,25,25,25,1,25,25,25,25,25,0,25,25,25,25,25,0,25,25,25,25,25,25,25,25,25,25,25,1,25,25,25,25,25,25,0,25,25,25,25,25,0,25,25,25,25,25,25,25,25,25,25,8,0,25,25,25,25,25,25,25,25,25,25,25,25,0,25,25,25,25,25,25,25,25,25,2,0,25,25,25,25,25,25,25,25,25,25,25,25,25,0,25,25,25,25,25,25,25,25,1,25,0,25,25,25,25,25,25,25,25,25,25,25,25,25,0,25,25,25,25,25,25,25,1,25,25,0,25,25,25,25,25,25,25,25,25,25,25,25,25,0,25,25,25,25,25,25,4,0,25,25,25,25,25,25,25,25,25,25,25,25,25,25,25,25,0,25,25,25,25,25,1,25,0,25,25,25,25,25,25,25,25,25,25,25,25,25,25,25,25,0,25,25,25,25,3,0,25,25,25,25,25,25,25,25,25,25,25,25,25,25,25,25,25,25,0,25,25,25,2,0,25,25,25,25,25,25,25,25,25,25,25,25,25" }
