version           6.7
command line      jprime 3 28 117- -super 1 -inverse -threads 4 -verbose -status -file 3_28_118_s1
states            3276
shift cycles      117
short cycles      0
length bound      118
states (in mem)   3276
patterns          0
patterns (total)  1343083433002438
nodes completed   2866686573290296
seconds elapsed   7038057.6002
seconds working   28152222.1896
seconds avail     28152230.4006
cores avail       12

patterns

counts
1, 0
2, 1
3, 3
4, 4
5, 8
6, 23
7, 72
8, 191
9, 513
10, 1267
11, 3088
12, 7220
13, 16745
14, 37745
15, 85011
16, 187335
17, 412195
18, 893307
19, 1928684
20, 4116504
21, 8771201
22, 18490131
23, 38704607
24, 79158209
25, 146808875
26, 185864869
27, 311509290
28, 458916320
29, 793528356
30, 1316854379
31, 2124356614
32, 3410142749
33, 5472999955
34, 8698662027
35, 13775459862
36, 21557384761
37, 33450168621
38, 50988424241
39, 77054340862
40, 114067929752
41, 167073037492
42, 239015724757
43, 336556061860
44, 461958638255
45, 623493039525
46, 827123731047
47, 1082142647517
48, 1424841155599
49, 1868313846645
50, 2444897621897
51, 3143216931180
52, 3999185339823
53, 5021263813207
54, 6317085898290
55, 7815419356386
56, 9597433078961
57, 11585111813985
58, 13810492510451
59, 16195292787272
60, 18813053472692
61, 21522307466092
62, 24375421527755
63, 27256878595745
64, 30181464296827
65, 33057674135839
66, 35919479875916
67, 38608697608540
68, 41045145467697
69, 43115091655767
70, 44665851456544
71, 45652698836557
72, 46051344694699
73, 45871505842886
74, 45085777490241
75, 43770242272653
76, 41820265524660
77, 39410588307711
78, 36579963814421
79, 33504479439770
80, 30244805659965
81, 26941425449296
82, 23610698438681
83, 20367328943828
84, 17262732873421
85, 14376389859954
86, 11751074177162
87, 9431717816855
88, 7417200704458
89, 5715159597694
90, 4309864341511
91, 3175871472430
92, 2287117135031
93, 1606626044090
94, 1099130619046
95, 731412858119
96, 472650244178
97, 295893970996
98, 179423354582
99, 105149824210
100, 59339104055
101, 32113435499
102, 16627282241
103, 8188605242
104, 3841637228
105, 1711099278
106, 719095377
107, 284402581
108, 104272341
109, 35014166
110, 10724330
111, 2936360
112, 716836
113, 154094
114, 27940
115, 4152
116, 444
117, 23
118, 0

work assignments remaining
  { start_state:1, end_state:1, root_pos:3, root_options:[25,22], current:"27,25,27,27,27,23,26,27,27,27,27,27,21,27,27,27,9,27,27,27,27,27,27,20,27,27,27,28,26,27,27,27,27,6,27,27,27,27,22,26,27,27,27,27,6,26,27,27,27,27,27,21,27,27,27,27,27,27,20,26,27,5" }
  { start_state:1, end_state:1, root_pos:3, root_options:[23,22], current:"27,27,27,27,27,27,27,19,27,27,27,14,27,27,27,27,27,21,27,27,14,27,22,27,27,27,27,27,19,27,27,27,27,27,21,27,27,27,27,27,27,8,27,27,27,27,27,27,27,12,27,28,26,27,27,27,27,27,27,27,8,27,27,27,27,11,27,27,27,27,27,27,27,19,26,26" }
  { start_state:1, end_state:1, root_pos:3, root_options:[27,26,23], current:"27,27,23,28,26,27,23,27,27,27,27,27,27,27,27,27,17,26,26,26,27,25,27,3,27,27,24,27,27,27,27,22,27,27,27,13,27,27,27,27,27,27,27,15,26,27,27,27,27,22,27,27,27,27,27,7,27,27,27,27,22,27,25,27,25,26,27" }
  { start_state:1, end_state:1, root_pos:3, root_options:[26,22], current:"27,27,24,27,27,28,26,27,17,27,27,27,27,27,27,20,27,27,11,27,27,27,27,27,27,27,16,27,27,27,27,27,27,27,27,10,27,25,27,27,24,27,25,27,27,27,23,27,5,27,27,24,27,27,27,27,27,27,15,27,27,27,27,27,27,27,27,27,10,27,27,27,27,22,27,25,26,26,27,25,27,25" }
