version           6.5
command line      jprime 3 30 135- -super 0 -threads 4 -inverse -verbose -status -file 3_30_s0
length bound      136
states            4060
shift cycles      136
short cycles      1
patterns          0
patterns (seen)   1659562665080
nodes visited     2997870229740
threads           4
hardware threads  12
seconds elapsed   6048.1996
seconds working   24192.1131
seconds avail     24192.7982

patterns

counts
1, 0
2, 0
3, 0
4, 0
5, 0
6, 0
7, 0
8, 0
9, 0
10, 0
11, 0
12, 0
13, 1
14, 1
15, 2
16, 5
17, 9
18, 18
19, 36
20, 71
21, 130
22, 237
23, 428
24, 808
25, 1527
26, 2058
27, 4175
28, 5636
29, 8516
30, 17992
31, 35350
32, 56744
33, 97855
34, 161511
35, 255666
36, 402300
37, 631564
38, 993347
39, 1575547
40, 2457148
41, 3550486
42, 4864448
43, 6978581
44, 9699773
45, 14559116
46, 21668084
47, 30947209
48, 43429314
49, 60285231
50, 82839999
51, 114006979
52, 153933325
53, 202311205
54, 262417919
55, 341707935
56, 440943143
57, 561365597
58, 715582788
59, 905493949
60, 1138808511
61, 1413093692
62, 1720739569
63, 2089406351
64, 2519936757
65, 3005402285
66, 3569020343
67, 4215243356
68, 4865663491
69, 5572979218
70, 6302395908
71, 7162901182
72, 8032896463
73, 8980231826
74, 9862031642
75, 10752559008
76, 11594473446
77, 12360969143
78, 13172608762
79, 13842043062
80, 14387312012
81, 14762519547
82, 15090915532
83, 15160152135
84, 15174493412
85, 15020671962
86, 14708952214
87, 14257114891
88, 13666026190
89, 12901099443
90, 12109691124
91, 11214050996
92, 10278191617
93, 9330897917
94, 8366801569
95, 7359373844
96, 6421036733
97, 5525553328
98, 4711857079
99, 3960510917
100, 3286959729
101, 2681382283
102, 2163181233
103, 1714421203
104, 1336541401
105, 1037498443
106, 786210042
107, 589137090
108, 430987765
109, 311572372
110, 220404237
111, 152791322
112, 104697124
113, 70249323
114, 46207804
115, 29123358
116, 17891321
117, 10501836
118, 5994132
119, 3236202
120, 1680747
121, 813757
122, 367922
123, 157350
124, 61109
125, 21487
126, 6370
127, 1716
128, 329
129, 71
130, 13
131, 0
132, 0
133, 0
134, 0
135, 0
136, 0

work assignments remaining
  { start_state:1, end_state:4060, root_pos:2, root_options:[26,25], current:"29,29,29,29,29,29,29,29,29,29,29,29,15,29,29,29,29,29,10,29,29,20,29,29,29,29,29,29,29,29,20,29,15,29,29,29,23,29,29,29,29,29,29,22,29,29,29,29,29,29,29,29,9,29,29,29,29,15,29,29,29,29,29,29,29,29,20,29,29,29,29,29,29,8,29,29,26,29,29,29,29,29,29,29,11,29,29,29,29,29,29,29,29" }
  { start_state:1, end_state:1, root_pos:2, root_options:[27,25], current:"28,29,29,29,29,29,29,29,29,29,29,18,29,27,29,29,29,29,9,29,29,29,29,29,29,29,29,20,29,29,29,29,29,9,29,29,20,29,29,29,29,29,29,22,29,29,29,15,29,29,29,29,29,29,29,29,16,29,29,29,29,29,29,29,12,29,29,29,29,29,29,14,29,29,29,29,29,29,29,29,20,29,29,26,28,28,28,28" }
  { start_state:1, end_state:1, root_pos:1, root_options:[26], current:"28,28,29,29,29,29,29,29,29,29,29,16,29,29,29,29,29,13,29,29,29,29,29,29,29,15,29,29,29,29,29,29,22,29,29,29,29,9,29,29,29,29,29,29,22,29,29,29,29,29,29,29,29,8,29,29,29,16,29,29,29,29,29,29,22,29,27,28,29,27,29,27,28" }
  { start_state:1, end_state:1, root_pos:1, root_options:[26], current:"29,27,29,29,29,29,29,29,29,29,29,29,29,29,13,29,29,29,25,29,10,29,29,29,23,29,29,29,29,29,29,29,29,29,29,29,13,29,29,29,29,12,29,29,29,29,29,29,29,29,15,29,29,29,29,29,29,29,12,29,29,29,29,29,29,14,29,29,29,25,29,29,29,29,29,12,29,29,29,25,29,29,29,29,29,23,29,27,28,29,27,28,28,28,28" }
