version           6.8
command line      jprime 3 30 135- -super 0 -threads 4 -inverse -verbose -status -file 3_30_136_s0
states            4060
shift cycles      136
short cycles      1
length bound      136
states (in mem)   4060
patterns          0
patterns (total)  25021952661
nodes completed   42931199886
seconds elapsed   62.5230
seconds working   249.6338
seconds avail     250.0920
cores avail       12

patterns

counts
1, 0
2, 0
3, 0
4, 0
5, 0
6, 0
7, 0
8, 0
9, 0
10, 0
11, 0
12, 0
13, 0
14, 0
15, 1
16, 4
17, 8
18, 13
19, 22
20, 36
21, 60
22, 99
23, 160
24, 266
25, 448
26, 769
27, 1211
28, 1486
29, 2607
30, 4564
31, 7046
32, 13977
33, 26470
34, 50025
35, 88659
36, 151092
37, 252291
38, 396371
39, 630616
40, 937667
41, 1411419
42, 1991208
43, 2835534
44, 3774239
45, 5300728
46, 7156066
47, 9601942
48, 12702402
49, 16876355
50, 21892942
51, 28095518
52, 35517244
53, 44598028
54, 55648128
55, 68289639
56, 80206151
57, 98603610
58, 120273940
59, 146770145
60, 175056881
61, 204966563
62, 239064761
63, 275458329
64, 318914921
65, 359085993
66, 408265607
67, 451819277
68, 511403291
69, 567801817
70, 626012945
71, 672210812
72, 725684147
73, 776341266
74, 822766246
75, 867680697
76, 905110248
77, 926360151
78, 951664868
79, 970392347
80, 972019587
81, 972062275
82, 948960710
83, 932950136
84, 901648335
85, 873767038
86, 809890593
87, 769165718
88, 712945120
89, 658040054
90, 592765604
91, 530742810
92, 471416018
93, 415474940
94, 362785934
95, 305368355
96, 260351501
97, 215670090
98, 179067261
99, 144674463
100, 116027924
101, 88627955
102, 70780520
103, 54879158
104, 42053920
105, 29621046
106, 22253540
107, 15238808
108, 11094533
109, 7540263
110, 5144252
111, 3360698
112, 2091042
113, 1354255
114, 827049
115, 500283
116, 297687
117, 156068
118, 85945
119, 44712
120, 20982
121, 8126
122, 3745
123, 951
124, 284
125, 0
126, 0
127, 0
128, 0
129, 0
130, 0
131, 0
132, 0
133, 0
134, 0
135, 0
136, 0

work assignments remaining
  { start_state:1, end_state:1, root_pos:2, root_options:[26,25], current:"29,29,29,29,29,29,29,29,29,29,29,29,29,14,29,29,29,29,29,29,29,7,29,29,29,29,29,15,29,29,29,29,29,29,16,29,29,29,29,24,28,29,29,13,29,29,29,29,29,23,29,18,29,27,29,29,29,29,29,29,22,29,29,29,29" }
  { start_state:1, end_state:1, root_pos:2, root_options:[27,25], current:"28,29,29,29,29,29,29,29,29,29,29,29,29,14,29,29,29,29,29,10,29,29,29,29,29,29,29,29,14,29,29,29,29,29,29,29,12,29,29,29,29,16,29,29,29,29,29,29,29,29,29,14,29,29,29,29,29,29,29,29,29,29,8,29,29,15,29,29,29,22,29,29,26,29" }
  { start_state:1, end_state:1, root_pos:1, root_options:[26], current:"28,28,29,29,29,29,29,29,29,29,29,29,29,29,13,29,29,29,29,11,29,29,29,29,29,29,17,29,29,29,18,29,29,29,29,29,29,29,17,29,29,29,29,29,29,29,29,12,28,29,29,29,29,29,29,29,29,29,29,29,7,29,29,29,29,29,11,29,29,29,29,24,29,29,29,25,28,28,28,29,27,28,29" }
  { start_state:1, end_state:1, root_pos:1, root_options:[26], current:"29,27,29,29,29,29,29,29,29,29,29,29,29,29,29,29,14,28,28,28,29,27,29,4,29,29,29,25,29,29,26,28,29,29,29,29,29,29,29,29,29,29,8,29,29,29,14,28,29,29,29,29,29,29,17,28,29,29,29,29,24,28,29,27,29" }
