version           6.8
command line      jprime 5 13 98- -super 0 -threads 4 -inverse -verbose -status -file 5_13_99_s0
states            1287
shift cycles      99
short cycles      0
length bound      99
states (in mem)   1287
patterns          9
patterns (total)  5910971514956
nodes completed   90448816255503
seconds elapsed   340414.8191
seconds working   1510353.8783
seconds avail     1510354.4310
cores avail       12

patterns
  c48a22c112445cc162a1122c52a441b711a2c31b2c12291b12a13c2b123a22c13c23c2c112c122c2c71112c2c2ca111112
  c4b3424b12aa3131b28c2c1113c22c25291b1224bb2c123181b711a2c31b26122c82c2c112c122c2c71112c2c2ca111112
  c4b34c122244c891222c9133c2b12b222c172912c226c31b2c1411a712b137c22c13c2c112c122c2c71112c2c2ca111112
  c4b34c122244c891222c9133c2b12b222c17a112c226c31b2c1411a712b137c22c13c2c112c122c2c71112c2c2ca111112
  c4b35a11a11a2c31b2c1229141b28c312244cc51612b12a33c29141b911a22c13c23c2c112c122c2c71112c2c2ca111112
  c4b4c1222c13c248131b2a3c312a13c29141b9114b12449c31b2c1229191a1152c82c2c112c122c2c71112c2c2ca111112
  c6b2c123125c2b34c12226c22493c2711a2c31b2c122919122c89122b1b133c22c23c2c112c122c2c71112c2c2ca111112
  c6b2c123125c2b34c12226c22493c2711a2c31b2c12a119122c89122b1b133c22c23c2c112c122c2c71112c2c2ca111112
  ca52c122a13c2b12b4112bb6112c22a6222c28c2222c41348c22c142c22b26122c82c2c112c122c2c71112c2c2ca111112

counts
1, 0
2, 0
3, 0
4, 0
5, 0
6, 0
7, 0
8, 0
9, 0
10, 0
11, 0
12, 0
13, 0
14, 0
15, 0
16, 0
17, 0
18, 0
19, 0
20, 0
21, 0
22, 0
23, 0
24, 1
25, 0
26, 4
27, 3
28, 29
29, 38
30, 158
31, 380
32, 488
33, 1831
34, 2540
35, 6856
36, 11523
37, 24054
38, 46047
39, 88165
40, 169209
41, 277042
42, 543965
43, 859205
44, 1505697
45, 2449383
46, 3917871
47, 6254281
48, 9449934
49, 14618725
50, 20993370
51, 31286641
52, 43864985
53, 60515346
54, 84605871
55, 111232023
56, 146013310
57, 190744646
58, 241299327
59, 295595046
60, 372098674
61, 442505109
62, 525237260
63, 627641222
64, 709924194
65, 812178919
66, 931341289
67, 1009166143
68, 1114079121
69, 1180279575
70, 1237360384
71, 1247432232
72, 1223768728
73, 1192145159
74, 1072572067
75, 974522814
76, 790988058
77, 642319033
78, 498318968
79, 350131018
80, 252294019
81, 155311320
82, 95386266
83, 52502162
84, 27948300
85, 13901283
86, 6132270
87, 2493951
88, 891664
89, 281182
90, 75350
91, 18402
92, 4126
93, 775
94, 71
95, 3
96, 0
97, 0
98, 9
99, 0

work assignments remaining
  { start_state:1, end_state:1, root_pos:2, root_options:[11,8,7,6], current:"12,10,12,12,12,12,12,1,1,1,9,12,1,9,12,12,12,12,6,1,1,10,12,12,1,11,12,5,11,1,11,6,1,10,12,5,12,8,9,12,4,1,11,11,6,12,12,9,1,3,12,9,12,2,9,12,3,12,10,2,12,10,12,3,1,11,12,12,2,4,12,4,8,12,10,6,1" }
  { start_state:1, end_state:1, root_pos:0, root_options:[9], current:"10,12,12,12,12,12,12,1,1,2,12,1,9,12,12,12,12,3,1,11,12,2,12,1,5,12,9,11,8,2,10,2,12,10,12,4,11,12,3,12,12,1,3,10,4,10,12,9,11,1,4,12,12,12,6,2,6,10,12,9,1,11,9,11,12,1,9" }
  { start_state:1, end_state:1287, root_pos:1, root_options:[8,7], current:"12,9,12,12,12,12,7,1,1,10,1,11,12,12,12,12,12,1,3,1,11,9,1,11,11,12,10,2,12,3,11,11,1,6,12,12,2,11,6,12,12,2,11,12,1,11,12,2,12,1,7,11,12,1,5,10,11,4,10,11,12,10,1,11,2,11,12,12,1,8,12" }
  { start_state:1, end_state:1, root_pos:2, root_options:[9,8,7,6], current:"12,12,12,12,12,6,2,12,1,1,8,12,12,12,12,7,1,11,2,11,1,11,12,8,3,12,9,2,12,10,12,2,12,3,9,12,2,12,10,2,11,12,3,11,2,12,4,12,12,12,2,11,4,12,1,11,12,1,11,12,3,12,8,1,11" }
  { start_state:1, end_state:1, root_pos:1, root_options:[11,9,8,7], current:"11,12,12,12,12,12,3,1,11,1,11,1,11,12,12,12,6,1,11,1,11,11,12,1,11,12,12,1,11,1,10,11,1,3,11,11,11,7,12,12,1,2,12,9,11,3,12,2,11,12,6,11,1,4,9,11,4,12,9,5,8,11,12,2,11,5,10,12,12,2,12,10,1,5,11,8" }
