version           6.6
command line      jprime 5 13 98- -super 0 -threads 4 -verbose -status -file 5_13_s0
states            1287
shift cycles      99
short cycles      0
length bound      99
states in memory  1287
patterns          9
patterns (seen)   5906463131238
nodes visited     90417463328966
threads           4
cores avail       12
seconds elapsed   340355.0023
seconds working   1510114.7014
seconds avail     1510115.1638

patterns
  c48a22c112445cc162a1122c52a441b711a2c31b2c12291b12a13c2b123a22c13c23c2c112c122c2c71112c2c2ca111112
  c4b3424b12aa3131b28c2c1113c22c25291b1224bb2c123181b711a2c31b26122c82c2c112c122c2c71112c2c2ca111112
  c4b34c122244c891222c9133c2b12b222c172912c226c31b2c1411a712b137c22c13c2c112c122c2c71112c2c2ca111112
  c4b34c122244c891222c9133c2b12b222c17a112c226c31b2c1411a712b137c22c13c2c112c122c2c71112c2c2ca111112
  c4b35a11a11a2c31b2c1229141b28c312244cc51612b12a33c29141b911a22c13c23c2c112c122c2c71112c2c2ca111112
  c4b4c1222c13c248131b2a3c312a13c29141b9114b12449c31b2c1229191a1152c82c2c112c122c2c71112c2c2ca111112
  c6b2c123125c2b34c12226c22493c2711a2c31b2c122919122c89122b1b133c22c23c2c112c122c2c71112c2c2ca111112
  c6b2c123125c2b34c12226c22493c2711a2c31b2c12a119122c89122b1b133c22c23c2c112c122c2c71112c2c2ca111112
  ca52c122a13c2b12b4112bb6112c22a6222c28c2222c41348c22c142c22b26122c82c2c112c122c2c71112c2c2ca111112

counts
1, 0
2, 0
3, 0
4, 0
5, 0
6, 0
7, 0
8, 0
9, 0
10, 0
11, 0
12, 0
13, 0
14, 0
15, 0
16, 0
17, 0
18, 0
19, 0
20, 0
21, 0
22, 0
23, 0
24, 0
25, 0
26, 2
27, 3
28, 26
29, 30
30, 118
31, 312
32, 335
33, 1456
34, 1931
35, 5501
36, 9447
37, 18861
38, 39053
39, 70278
40, 142120
41, 226615
42, 452618
43, 719375
44, 1239214
45, 2062462
46, 3225154
47, 5204338
48, 7818511
49, 12006190
50, 17360177
51, 25455310
52, 35753913
53, 49080250
54, 68150858
55, 88786229
56, 116454380
57, 149983502
58, 188495801
59, 229987701
60, 285991999
61, 338892027
62, 398423844
63, 472473372
64, 532473720
65, 604310644
66, 691835790
67, 748407635
68, 824992906
69, 872708851
70, 915940526
71, 930852330
72, 919944127
73, 899673125
74, 816217464
75, 751250512
76, 616119615
77, 505083319
78, 398008299
79, 283996989
80, 206962983
81, 130082585
82, 81165472
83, 45103293
84, 24275343
85, 12295523
86, 5556712
87, 2283355
88, 821623
89, 257990
90, 69369
91, 17249
92, 3902
93, 749
94, 71
95, 3
96, 0
97, 0
98, 0
99, 0

work assignments remaining
  { start_state:1, end_state:1, root_pos:1, root_options:[11,9,8,7], current:"11,12,12,12,12,12,3,1,11,1,11,1,11,12,12,12,6,1,11,1,11,11,12,1,11,12,12,1,11,1,10,11,1,3,11,11,11,12,3,9,3,11,2,12,9,12,12,3,3,12,4,9,11,3,12,12,9,11,1,11,11,1,2,9,11,11,3,10,10,4,11,12,2,11,11,12,12,3,1,7,10" }
  { start_state:1, end_state:1, root_pos:2, root_options:[11,8,7,6], current:"12,10,12,12,12,12,12,1,1,1,9,12,1,9,12,12,12,12,6,1,1,10,12,12,1,11,12,5,11,1,11,6,1,10,12,9,11,12,2,12,2,11,11,2,12,3,12,3,12,8,9,12,3,1,8,11,12,7,12,2,11,8,12,9" }
  { start_state:1, end_state:1, root_pos:0, root_options:[9], current:"10,12,12,12,12,12,12,1,1,2,12,1,9,12,12,12,12,3,1,11,12,2,12,1,5,12,9,11,11,2,3,12,12,9,12,1,4,12,12,2,12,4,5,10,11,12,2,11,12,10,1,3,10,12,10,1,5,12,12,12,7" }
  { start_state:1, end_state:1287, root_pos:1, root_options:[8,7], current:"12,9,12,12,12,12,7,1,1,10,1,11,12,12,12,12,12,1,3,1,11,9,1,11,11,12,10,2,12,3,11,11,1,11,11,3,11,2,10,11,12,2,4,11,11,11,11,12,1,2,11,11,1,10,12,3,11,8,2,10,11,11,12" }
  { start_state:1, end_state:1, root_pos:2, root_options:[9,8,7,6], current:"12,12,12,12,12,6,2,12,1,1,8,12,12,12,12,7,1,11,2,12,1,8,11,9,10,12,1,11,11,1,11,4,12,10,2,12,4,11,12,3,11,11,4,12,1,8,11,2,11,12,12,3,11" }
