version           6.8
command line      jprime 2 12 1- -count -file 2_12_count
states            66
shift cycles      6
short cycles      1
length bound      60
states (in mem)   66
patterns          2009956
patterns (total)  2009956
nodes completed   5219835
seconds elapsed   0.0404
seconds working   0.0399
seconds avail     0.0404
cores avail       12

patterns

counts
1, 1
2, 2
3, 5
4, 10
5, 23
6, 48
7, 103
8, 208
9, 435
10, 830
11, 1509
12, 2098
13, 2462
14, 3757
15, 5886
16, 8492
17, 12564
18, 17415
19, 24142
20, 30998
21, 38972
22, 47626
23, 56252
24, 67306
25, 76322
26, 87769
27, 99131
28, 107568
29, 114255
30, 119224
31, 120509
32, 118689
33, 116485
34, 109563
35, 102320
36, 93531
37, 82846
38, 72310
39, 61496
40, 50869
41, 40970
42, 32132
43, 24286
44, 18406
45, 13436
46, 9465
47, 6456
48, 4310
49, 2736
50, 1662
51, 976
52, 523
53, 279
54, 145
55, 87
56, 34
57, 14
58, 5
59, 2
60, 1
