version           6.8
command line      jprime 2 13 1- -count -file 2_13_count
states            78
shift cycles      6
short cycles      0
length bound      72
states (in mem)   78
patterns          16660918
patterns (total)  16660918
nodes completed   44598889
seconds elapsed   0.2153
seconds working   0.2144
seconds avail     0.2153
cores avail       12

patterns

counts
1, 1
2, 2
3, 5
4, 10
5, 23
6, 48
7, 104
8, 212
9, 451
10, 894
11, 1765
12, 3122
13, 4535
14, 5323
15, 8660
16, 13155
17, 20481
18, 30095
19, 44609
20, 62171
21, 87374
22, 114493
23, 146999
24, 187211
25, 229711
26, 283898
27, 341576
28, 409414
29, 481044
30, 561557
31, 629026
32, 693674
33, 757734
34, 804352
35, 840809
36, 873084
37, 883212
38, 879741
39, 869935
40, 830322
41, 789254
42, 734421
43, 668536
44, 599507
45, 530246
46, 456509
47, 387103
48, 325405
49, 261962
50, 209202
51, 163765
52, 124936
53, 92784
54, 68554
55, 49296
56, 34660
57, 23846
58, 15447
59, 10016
60, 6305
61, 3752
62, 2129
63, 1181
64, 611
65, 341
66, 176
67, 86
68, 34
69, 14
70, 5
71, 2
72, 1
