version           6.8
command line      jprime 2 14 1- -count -file 2_14_count
states            91
shift cycles      7
short cycles      1
length bound      84
states (in mem)   91
patterns          133895979
patterns (total)  133895979
nodes completed   367937526
seconds elapsed   1.5551
seconds working   1.5548
seconds avail     1.5551
cores avail       12

patterns

counts
1, 1
2, 2
3, 5
4, 10
5, 23
6, 48
7, 105
8, 214
9, 459
10, 926
11, 1893
12, 3634
13, 6583
14, 9412
15, 11745
16, 18513
17, 29648
18, 45366
19, 70136
20, 102668
21, 153677
22, 216254
23, 304230
24, 406776
25, 533054
26, 690116
27, 877284
28, 1109065
29, 1366390
30, 1707130
31, 2076553
32, 2483938
33, 2937199
34, 3390561
35, 3844170
36, 4316633
37, 4755295
38, 5165891
39, 5577197
40, 5889909
41, 6152684
42, 6354504
43, 6451646
44, 6445886
45, 6376315
46, 6195035
47, 5936316
48, 5614465
49, 5216531
50, 4778776
51, 4314434
52, 3846944
53, 3356426
54, 2896439
55, 2461240
56, 2059923
57, 1699190
58, 1375202
59, 1089640
60, 853316
61, 654871
62, 487276
63, 360166
64, 258988
65, 185103
66, 128941
67, 88356
68, 58695
69, 37852
70, 24038
71, 14678
72, 8798
73, 4998
74, 2716
75, 1431
76, 723
77, 373
78, 209
79, 86
80, 34
81, 14
82, 5
83, 2
84, 1
