version           6.8
command line      jprime 2 15 1- -count -threads 4 -status -file 2_15_count
states            105
shift cycles      7
short cycles      0
length bound      98
states (in mem)   105
patterns          1284371565
patterns (total)  1284371565
nodes completed   3618783691
seconds elapsed   4.0794
seconds working   15.7490
seconds avail     16.3176
cores avail       12

patterns

counts
1, 1
2, 2
3, 5
4, 10
5, 23
6, 48
7, 105
8, 215
9, 463
10, 942
11, 1957
12, 3890
13, 7607
14, 13508
15, 19993
16, 24732
17, 40626
18, 64017
19, 102083
20, 155727
21, 241373
22, 355591
23, 531191
24, 753426
25, 1067487
26, 1446807
27, 1935379
28, 2554767
29, 3310797
30, 4311059
31, 5462340
32, 6970493
33, 8776988
34, 10847985
35, 13201326
36, 15917474
37, 18752416
38, 21885878
39, 25254264
40, 28723127
41, 32316452
42, 36077844
43, 39677684
44, 43201435
45, 46548984
46, 49351006
47, 51982344
48, 53873262
49, 55270492
50, 55972971
51, 56080052
52, 55490941
53, 54297647
54, 52477935
55, 50120195
56, 47399616
57, 44191187
58, 40751328
59, 37063659
60, 33384997
61, 29609366
62, 25959012
63, 22460106
64, 19177999
65, 16184962
66, 13483787
67, 11058528
68, 8961907
69, 7185320
70, 5645990
71, 4375702
72, 3339048
73, 2503410
74, 1842405
75, 1343560
76, 951664
77, 672386
78, 466918
79, 317852
80, 212248
81, 136934
82, 86879
83, 53778
84, 33121
85, 19224
86, 10950
87, 5961
88, 3145
89, 1615
90, 849
91, 436
92, 208
93, 86
94, 34
95, 14
96, 5
97, 2
98, 1
