version           6.8
command line      jprime 2 16 1- -count -threads 4 -status -file 2_16_count
states            120
shift cycles      8
short cycles      1
length bound      112
states (in mem)   120
patterns          11970256082
patterns (total)  11970256082
nodes completed   34476433444
seconds elapsed   37.9019
seconds working   150.9472
seconds avail     151.6076
cores avail       12

patterns

counts
1, 1
2, 2
3, 5
4, 10
5, 23
6, 48
7, 105
8, 216
9, 465
10, 950
11, 1989
12, 4018
13, 8119
14, 15556
15, 28185
16, 41108
17, 52956
18, 85539
19, 138906
20, 217962
21, 346550
22, 527412
23, 813746
24, 1207165
25, 1801974
26, 2566602
27, 3668328
28, 5018098
29, 6784248
30, 9124194
31, 12010648
32, 15838926
33, 20590246
34, 26722869
35, 34221775
36, 43565838
37, 54280585
38, 66948053
39, 81810875
40, 98204340
41, 116624281
42, 137534719
43, 159911639
44, 184221843
45, 211229993
46, 238580679
47, 267257278
48, 296916625
49, 325587382
50, 353959768
51, 381249124
52, 405199347
53, 427357470
54, 446087785
55, 460792316
56, 471375953
57, 478105128
58, 479346706
59, 475949796
60, 469352152
61, 456260610
62, 440101799
63, 420277022
64, 397006018
65, 371345412
66, 344232118
67, 315363860
68, 285812073
69, 257083899
70, 228224748
71, 200520819
72, 174391763
73, 149764387
74, 127204075
75, 107141899
76, 88784107
77, 72941424
78, 59300013
79, 47533002
80, 37748397
81, 29601336
82, 22832732
83, 17398024
84, 13136336
85, 9698336
86, 7077843
87, 5085162
88, 3588712
89, 2494102
90, 1729617
91, 1168558
92, 781077
93, 512066
94, 325443
95, 203496
96, 125006
97, 75462
98, 43880
99, 24966
100, 13474
101, 7144
102, 3643
103, 1839
104, 913
105, 501
106, 208
107, 86
108, 34
109, 14
110, 5
111, 2
112, 1
