version           6.8
command line      jprime 2 17 1- -count -threads 4 -status -file 2_17_count
states            136
shift cycles      8
short cycles      0
length bound      128
states (in mem)   136
patterns          130310396228
patterns (total)  130310396228
nodes completed   383333606120
seconds elapsed   430.4212
seconds working   1720.6739
seconds avail     1721.6848
cores avail       12

patterns

counts
1, 1
2, 2
3, 5
4, 10
5, 23
6, 48
7, 105
8, 216
9, 466
10, 954
11, 2005
12, 4082
13, 8375
14, 16580
15, 32281
16, 57492
17, 85843
18, 110283
19, 182432
20, 292093
21, 473453
22, 740801
23, 1170267
24, 1787845
25, 2756647
26, 4087861
27, 6112388
28, 8758409
29, 12554565
30, 17400507
31, 23788871
32, 32301995
33, 43329635
34, 58022666
35, 76446584
36, 101346402
37, 132178104
38, 170878731
39, 218689786
40, 276107910
41, 344238088
42, 426536834
43, 520150132
44, 628872322
45, 754987755
46, 897821688
47, 1057118184
48, 1237895480
49, 1435483598
50, 1650062117
51, 1882481781
52, 2124757290
53, 2380070788
54, 2641736407
55, 2908908776
56, 3168605565
57, 3429115468
58, 3676492099
59, 3909832109
60, 4126030403
61, 4317498103
62, 4478519275
63, 4608919574
64, 4707231461
65, 4761933085
66, 4781734014
67, 4758793779
68, 4697085254
69, 4598678186
70, 4466142086
71, 4298266826
72, 4104747412
73, 3883742676
74, 3644287825
75, 3392636982
76, 3129711319
77, 2860604360
78, 2593953768
79, 2331788718
80, 2076671440
81, 1835125765
82, 1604770925
83, 1391035494
84, 1194641287
85, 1017207901
86, 856269402
87, 714558724
88, 589888342
89, 482222886
90, 390921033
91, 313439498
92, 248500049
93, 195259160
94, 151984759
95, 116444684
96, 88588607
97, 66420295
98, 49143416
99, 35945392
100, 25954400
101, 18412705
102, 12953326
103, 8958508
104, 6132382
105, 4154246
106, 2775358
107, 1820344
108, 1162444
109, 734834
110, 450483
111, 274982
112, 164795
113, 95696
114, 53482
115, 29390
116, 15461
117, 8021
118, 4019
119, 2093
120, 1040
121, 500
122, 208
123, 86
124, 34
125, 14
126, 5
127, 2
128, 1
