version           6.8
command line      jprime 2 18 1- -count -threads 4 -status -file 2_18_count
states            153
shift cycles      9
short cycles      1
length bound      144
states (in mem)   153
patterns          1381323285721
patterns (total)  1381323285721
nodes completed   4140627482997
seconds elapsed   4599.0823
seconds working   18395.4592
seconds avail     18396.3292
cores avail       12

patterns

counts
1, 1
2, 2
3, 5
4, 10
5, 23
6, 48
7, 105
8, 216
9, 467
10, 956
11, 2013
12, 4114
13, 8503
14, 17092
15, 34329
16, 65684
17, 118611
18, 175810
19, 231687
20, 378211
21, 620548
22, 990564
23, 1593120
24, 2487976
25, 3915950
26, 5975244
27, 9204933
28, 13670304
29, 20435570
30, 29440488
31, 42357578
32, 59051260
33, 81582046
34, 111844192
35, 151520856
36, 205424337
37, 274233742
38, 367197374
39, 486994189
40, 638650278
41, 828935341
42, 1068995299
43, 1358130127
44, 1711639241
45, 2139224430
46, 2643221367
47, 3238630559
48, 3942045751
49, 4756164617
50, 5700233385
51, 6786968277
52, 8009700127
53, 9390260604
54, 10924249722
55, 12603301222
56, 14435883050
57, 16404737523
58, 18488600733
59, 20695541622
60, 22969463089
61, 25326094638
62, 27714863498
63, 30121085019
64, 32490802532
65, 34807907824
66, 37033614700
67, 39100796466
68, 41010424236
69, 42687035710
70, 44125979663
71, 45279156638
72, 46155246831
73, 46678777078
74, 46891241984
75, 46781462782
76, 46326882832
77, 45553796901
78, 44473841426
79, 43099825693
80, 41481063978
81, 39646287580
82, 37594804441
83, 35399785895
84, 33090773485
85, 30708384401
86, 28277913765
87, 25857778464
88, 23449669589
89, 21112439884
90, 18866765852
91, 16729268150
92, 14718988228
93, 12849540896
94, 11131644856
95, 9562871603
96, 8152561539
97, 6890392426
98, 5775432095
99, 4798479899
100, 3952354071
101, 3225556328
102, 2611917228
103, 2092778520
104, 1663088503
105, 1310087126
106, 1022343577
107, 790585908
108, 605517473
109, 458515122
110, 343610454
111, 255125126
112, 186817180
113, 135549252
114, 97011972
115, 68548891
116, 47753034
117, 32954078
118, 22366072
119, 15130251
120, 10062508
121, 6617462
122, 4278487
123, 2707458
124, 1685907
125, 1026940
126, 622154
127, 368246
128, 213572
129, 119624
130, 65170
131, 34470
132, 17836
133, 9015
134, 4467
135, 2221
136, 1169
137, 500
138, 208
139, 86
140, 34
141, 14
142, 5
143, 2
144, 1
