version           6.9
command line      jprime 2 19 -super -count -threads 4 -file 2_19_super_count -status
states            171
shift cycles      9
short cycles      0
period bound      162
states (in mem)   171
patterns          14011621440
patterns (total)  14011621440
nodes completed   73789232648
work splits       83
seconds elapsed   116.0078
seconds working   462.7309
seconds avail     464.0312
cores avail       12

patterns

counts
1, 0
2, 1
3, 4
4, 9
5, 22
6, 47
7, 104
8, 215
9, 466
10, 701
11, 1252
12, 2161
13, 3766
14, 6323
15, 10920
16, 17831
17, 30090
18, 48380
19, 60250
20, 76930
21, 112282
22, 153060
23, 216264
24, 295602
25, 397070
26, 528660
27, 713174
28, 916676
29, 1190350
30, 1539214
31, 1956722
32, 2472082
33, 3112386
34, 3844572
35, 4737268
36, 5768090
37, 6914316
38, 8266462
39, 9754656
40, 11611867
41, 13735668
42, 16265142
43, 19024556
44, 22172902
45, 25826612
46, 29771910
47, 34087626
48, 39070108
49, 44347202
50, 50137710
51, 56572788
52, 63292246
53, 70441328
54, 78455399
55, 86595984
56, 95410968
57, 104821516
58, 114071996
59, 124384106
60, 135113512
61, 146177182
62, 157432384
63, 169107500
64, 180663400
65, 192403896
66, 204208528
67, 215734422
68, 227167486
69, 238534036
70, 249412714
71, 259944232
72, 270237866
73, 279852528
74, 288800498
75, 297349720
76, 304967714
77, 311265044
78, 317000662
79, 321353848
80, 324979307
81, 327475176
82, 328557802
83, 328895910
84, 328133316
85, 326261078
86, 323343594
87, 319531390
88, 314559024
89, 308659822
90, 302148997
91, 294459724
92, 285866704
93, 276991852
94, 266923828
95, 256829476
96, 246263912
97, 234762880
98, 223379444
99, 211647068
100, 199837136
101, 188195728
102, 176566932
103, 164966510
104, 153612606
105, 142592906
106, 131707296
107, 121176738
108, 111134162
109, 101303114
110, 92130528
111, 83356038
112, 75054366
113, 67372444
114, 60402554
115, 53807638
116, 47789432
117, 42302598
118, 37063598
119, 32529558
120, 28368477
121, 24477838
122, 21090718
123, 18089278
124, 15314788
125, 13001770
126, 10970431
127, 9107894
128, 7574590
129, 6270162
130, 5118872
131, 4169060
132, 3394288
133, 2721732
134, 2176712
135, 1756966
136, 1380730
137, 1070586
138, 824844
139, 619804
140, 459894
141, 339620
142, 243104
143, 172494
144, 123754
145, 82542
146, 56136
147, 37476
148, 24264
149, 14724
150, 9424
151, 5420
152, 3184
153, 2476
154, 1168
155, 500
156, 208
157, 86
158, 34
159, 14
160, 5
161, 2
162, 1
