version           6.9
command line      jprime 2 19 -count -threads 4 -file 2_19_count -status
states            171
shift cycles      9
short cycles      0
period bound      162
states (in mem)   171
patterns          16817079193531
patterns (total)  16817079193531
nodes completed   51336067899280
work splits       94
seconds elapsed   57163.1077
seconds working   228651.1156
seconds avail     228652.4310
cores avail       12

patterns

counts
1, 1
2, 2
3, 5
4, 10
5, 23
6, 48
7, 105
8, 216
9, 467
10, 957
11, 2017
12, 4130
13, 8567
14, 17348
15, 35353
16, 69780
17, 134995
18, 241346
19, 363005
20, 476872
21, 793694
22, 1285527
23, 2096943
24, 3338009
25, 5338373
26, 8320943
27, 13083643
28, 19943043
29, 30642941
30, 45634492
31, 68200069
32, 98564383
33, 142525433
34, 199971231
35, 278165659
36, 385393055
37, 526815493
38, 720595667
39, 975401524
40, 1319495733
41, 1767869892
42, 2356819813
43, 3100224824
44, 4050162134
45, 5249372040
46, 6728263262
47, 8544722154
48, 10795179800
49, 13474597626
50, 16721295871
51, 20623238152
52, 25238562776
53, 30678847144
54, 37120319514
55, 44532856704
56, 53100340483
57, 62934123118
58, 73978479162
59, 86445690408
60, 100296998034
61, 115539892160
62, 132185490403
63, 150366535770
64, 169711828123
65, 190507356023
66, 212479437855
67, 235495453035
68, 259391262869
69, 284020078311
70, 308938597886
71, 334012642937
72, 359065437275
73, 383311544033
74, 406781035326
75, 429138511005
76, 449801031667
77, 468573327664
78, 485399198544
79, 499427991130
80, 510955668293
81, 519669228310
82, 525134432377
83, 527479167258
84, 526804964513
85, 522683580486
86, 515556876938
87, 505518797542
88, 492445723356
89, 476865003186
90, 459048717503
91, 438989335076
92, 417258856079
93, 394334457376
94, 370065374611
95, 345289642760
96, 320144815936
97, 294865570412
98, 269883623708
99, 245511634668
100, 221734547246
101, 199030138138
102, 177515163967
103, 157206801742
104, 138311333963
105, 120892911232
106, 104926223861
107, 90443641049
108, 77489413437
109, 65848148961
110, 55590204463
111, 46599555627
112, 38758755522
113, 31997892761
114, 26232102985
115, 21313756464
116, 17192337066
117, 13761761210
118, 10918642674
119, 8600805922
120, 6722682339
121, 5205750778
122, 4000082861
123, 3051081494
124, 2299631865
125, 1720476246
126, 1275423115
127, 934224320
128, 677921701
129, 487813616
130, 345855850
131, 243105832
132, 168707481
133, 115869466
134, 78519794
135, 52906918
136, 35172138
137, 23150774
138, 15035238
139, 9544100
140, 5993776
141, 3684830
142, 2237963
143, 1337070
144, 796375
145, 455970
146, 256014
147, 139338
148, 74202
149, 38505
150, 19609
151, 9775
152, 4977
153, 2476
154, 1168
155, 500
156, 208
157, 86
158, 34
159, 14
160, 5
161, 2
162, 1
