version           6.9
command line      jprime 2 20 -super -count -threads 4 -file 2_20_super_count -status
states            190
shift cycles      10
short cycles      1
period bound      180
states (in mem)   190
patterns          136156869348
patterns (total)  136156869348
nodes completed   750842454210
work splits       105
seconds elapsed   1165.1053
seconds working   4659.2997
seconds avail     4660.4212
cores avail       12

patterns

counts
1, 0
2, 1
3, 4
4, 9
5, 22
6, 47
7, 104
8, 215
9, 466
10, 957
11, 1508
12, 2609
13, 4662
14, 7875
15, 13816
16, 22963
17, 39290
18, 64305
19, 108146
20, 133003
21, 177534
22, 261051
23, 363951
24, 525757
25, 729543
26, 1007739
27, 1389349
28, 1896015
29, 2539065
30, 3342670
31, 4371995
32, 5696297
33, 7351779
34, 9441351
35, 11908109
36, 14963117
37, 18663855
38, 22877289
39, 27929208
40, 33842419
41, 40554696
42, 48928608
43, 58885683
44, 70271965
45, 83704275
46, 98831775
47, 116247795
48, 136175170
49, 158640287
50, 183484852
51, 211659685
52, 242813832
53, 276932097
54, 315386279
55, 356336267
56, 401038229
57, 450882475
58, 503035028
59, 560210680
60, 621713179
61, 685592848
62, 756184728
63, 831445562
64, 910442989
65, 993128369
66, 1079688283
67, 1169522433
68, 1262483737
69, 1357974119
70, 1455797970
71, 1554627413
72, 1654198511
73, 1755413363
74, 1856136643
75, 1957009471
76, 2056634653
77, 2155796496
78, 2251342392
79, 2345316586
80, 2435438787
81, 2519302562
82, 2600640696
83, 2674863940
84, 2743977368
85, 2807523839
86, 2860728456
87, 2907457399
88, 2947400145
89, 2976729251
90, 3000621242
91, 3014078897
92, 3016581443
93, 3013105825
94, 2999289792
95, 2976932047
96, 2946412182
97, 2907060480
98, 2859393882
99, 2805977960
100, 2743973055
101, 2673648620
102, 2599209782
103, 2516828028
104, 2430597548
105, 2341260268
106, 2246462959
107, 2149315069
108, 2050615725
109, 1949627785
110, 1848709962
111, 1747817079
112, 1646552735
113, 1546478095
114, 1447056743
115, 1349967476
116, 1255199300
117, 1163043086
118, 1074104164
119, 988104978
120, 906436467
121, 828510922
122, 753614444
123, 683435238
124, 617183721
125, 554924874
126, 497689068
127, 444243101
128, 394310607
129, 349297963
130, 308322142
131, 270709763
132, 237124013
133, 206857625
134, 179147234
135, 154879344
136, 133237727
137, 113437462
138, 96728128
139, 81590556
140, 68566519
141, 57491152
142, 47672318
143, 39346886
144, 32273680
145, 26294018
146, 21203386
147, 17097056
148, 13515559
149, 10747447
150, 8450494
151, 6556853
152, 5128379
153, 3954668
154, 2983016
155, 2216050
156, 1649090
157, 1175456
158, 845640
159, 587810
160, 406907
161, 284110
162, 188291
163, 120464
164, 76728
165, 48304
166, 29898
167, 17450
168, 10900
169, 6061
170, 3440
171, 2733
172, 1168
173, 500
174, 208
175, 86
176, 34
177, 14
178, 5
179, 2
180, 1
