version           6.5
command line      jprime 2 72 36 -count -threads 4 -status -file 2_72_36_c
length bound      36
states            666
shift cycles      36
short cycles      1
patterns          90335055318
patterns (seen)   168880134248
nodes visited     430902483299
threads           4
hardware threads  12
seconds elapsed   781.5837
seconds working   3125.0782
seconds avail     3126.3346

patterns

counts
1, 1
2, 2
3, 5
4, 10
5, 23
6, 48
7, 105
8, 216
9, 467
10, 958
11, 2021
12, 4146
13, 8631
14, 17604
15, 36377
16, 73876
17, 151379
18, 306882
19, 625147
20, 1263286
21, 2563863
22, 5169416
23, 10453593
24, 21044752
25, 42442987
26, 85302214
27, 171668781
28, 344427722
29, 691271271
30, 1382661292
31, 2759179825
32, 5464515532
33, 10693570347
34, 20354300810
35, 36514015341
36, 90335055318
