version           6.5
command line      jprime 2 74 37 -count -threads 4 -status -file 2_74_37_c
length bound      37
states            703
shift cycles      37
short cycles      1
patterns          180975948735
patterns (seen)   338402836860
nodes visited     863609091288
threads           4
hardware threads  12
seconds elapsed   1564.0965
seconds working   6254.7824
seconds avail     6256.3859

patterns

counts
1, 1
2, 2
3, 5
4, 10
5, 23
6, 48
7, 105
8, 216
9, 467
10, 958
11, 2021
12, 4146
13, 8631
14, 17604
15, 36377
16, 73876
17, 151379
18, 306882
19, 625148
20, 1263290
21, 2563879
22, 5169480
23, 10453849
24, 21045776
25, 42447083
26, 85318598
27, 171734317
28, 344689866
29, 692319847
30, 1386855596
31, 2775957041
32, 5531624396
33, 10962005803
34, 21428042634
35, 40808982637
36, 73155186134
37, 180975948735
