version           6.5
command line      jprime 2 76 38 -count -threads 4 -status -file 2_76_38_c
length bound      38
states            741
shift cycles      38
short cycles      1
patterns          362339965776
patterns (seen)   677836310391
nodes visited     1730374634668
threads           4
hardware threads  12
seconds elapsed   3128.3521
seconds working   12512.1392
seconds avail     12513.4083

patterns

counts
1, 1
2, 2
3, 5
4, 10
5, 23
6, 48
7, 105
8, 216
9, 467
10, 958
11, 2021
12, 4146
13, 8631
14, 17604
15, 36377
16, 73876
17, 151379
18, 306882
19, 625149
20, 1263292
21, 2563887
22, 5169512
23, 10453977
24, 21046288
25, 42449131
26, 85326790
27, 171767085
28, 344820938
29, 692844135
30, 1388952748
31, 2784345649
32, 5565178828
33, 11096223531
34, 21964913546
35, 42956466285
36, 81745120726
37, 146616210367
38, 362339965776
