version           6.5
command line      jprime 2 78 39 -count -threads 4 -status -file 2_78_39_c
length bound      39
states            780
shift cycles      39
short cycles      1
patterns          725616088097
patterns (seen)   1357639413997
nodes visited     3466264625184
threads           4
hardware threads  12
seconds elapsed   6312.9647
seconds working   25250.6783
seconds avail     25251.8585

patterns

counts
1, 1
2, 2
3, 5
4, 10
5, 23
6, 48
7, 105
8, 216
9, 467
10, 958
11, 2021
12, 4146
13, 8631
14, 17604
15, 36377
16, 73876
17, 151379
18, 306882
19, 625149
20, 1263293
21, 2563891
22, 5169528
23, 10454041
24, 21046544
25, 42450155
26, 85330886
27, 171783469
28, 344886474
29, 693106279
30, 1390001324
31, 2788539953
32, 5581956044
33, 11163332395
34, 22233349002
35, 44030208109
36, 86040088022
37, 163796079551
38, 293620489040
39, 725616088097
