version           6.5
command line      jprime 2 80 40 -count -threads 4 -status -file 2_80_40_c
length bound      40
states            820
shift cycles      40
short cycles      1
patterns          1452416238568
patterns (seen)   2718429683584
nodes visited     6942168658542
threads           4
hardware threads  12
seconds elapsed   7085.7075
seconds working   28341.9778
seconds avail     28342.8298

patterns

counts
1, 1
2, 2
3, 5
4, 10
5, 23
6, 48
7, 105
8, 216
9, 467
10, 958
11, 2021
12, 4146
13, 8631
14, 17604
15, 36377
16, 73876
17, 151379
18, 306882
19, 625149
20, 1263294
21, 2563893
22, 5169536
23, 10454073
24, 21046672
25, 42450667
26, 85332934
27, 171791661
28, 344919242
29, 693237351
30, 1390525612
31, 2790637105
32, 5590344652
33, 11196886827
34, 22367566730
35, 44567079021
36, 88187571670
37, 172386014143
38, 327980227408
39, 588177134625
40, 1452416238568
