version           6.9
command line      jprime 3 10 -super -count -threads 4 -file 3_10_super_count -status
states            120
shift cycles      12
short cycles      0
period bound      108
states (in mem)   120
patterns          91844340627
patterns (total)  91844340627
nodes completed   636302888569
work splits       56
seconds elapsed   1186.5812
seconds working   4745.5152
seconds avail     4746.3247
cores avail       12

patterns

counts
1, 0
2, 2
3, 10
4, 31
5, 90
6, 250
7, 702
8, 1656
9, 4436
10, 7778
11, 14593
12, 31951
13, 62909
14, 120284
15, 224355
16, 400561
17, 679268
18, 1148354
19, 1829657
20, 2872751
21, 4468661
22, 6812570
23, 10226760
24, 15006909
25, 21654401
26, 30613231
27, 42601054
28, 58251752
29, 78434675
30, 104403848
31, 137108410
32, 177979848
33, 228066400
34, 288506933
35, 360578059
36, 445178077
37, 543055916
38, 655338821
39, 782523800
40, 924353090
41, 1080842809
42, 1250980433
43, 1433088453
44, 1625214185
45, 1825384389
46, 2030138958
47, 2236576906
48, 2440942956
49, 2639057490
50, 2826697944
51, 2999394394
52, 3153238228
53, 3284649305
54, 3390974724
55, 3468968979
56, 3517133121
57, 3534057396
58, 3519032623
59, 3472376322
60, 3395191776
61, 3289768991
62, 3158354740
63, 3004747209
64, 2832422502
65, 2645312554
66, 2447392056
67, 2242926529
68, 2036020295
69, 1830297470
70, 1629602557
71, 1436689688
72, 1254177304
73, 1083600225
74, 926547112
75, 783905224
76, 655800779
77, 542667711
78, 443996575
79, 359030167
80, 286872569
81, 226468426
82, 176538207
83, 135822122
84, 103077222
85, 77134562
86, 56846729
87, 41248919
88, 29429866
89, 20650965
90, 14213661
91, 9574097
92, 6333809
93, 4101121
94, 2582030
95, 1590186
96, 949870
97, 545494
98, 300830
99, 159804
100, 77729
101, 35118
102, 15176
103, 5608
104, 1907
105, 536
106, 111
107, 20
108, 1
