version           6.9
command line      jprime 3 10 1- -count -threads 4 -file 3_10_count -status
states            120
shift cycles      12
short cycles      0
period bound      108
states (in mem)   120
patterns          587709292126267
patterns (total)  587709292126267
nodes completed   2969825515925946
work splits       74
seconds elapsed   3443550.0252
seconds working   13774195.8043
seconds avail     13774200.1023
cores avail       12

patterns

counts
1, 1
2, 3
3, 11
4, 34
5, 111
6, 311
7, 985
8, 2673
9, 7163
10, 16865
11, 36686
12, 92405
13, 228496
14, 544683
15, 1263340
16, 2842262
17, 6178543
18, 13367067
19, 27856983
20, 57168009
21, 115224004
22, 228097877
23, 442246151
24, 838434805
25, 1556279503
26, 2826971386
27, 5045177847
28, 8815158924
29, 15096566000
30, 25372518907
31, 41842516789
32, 67709421084
33, 107463091320
34, 167366181057
35, 255724985496
36, 383577123087
37, 564724284217
38, 816458377439
39, 1159089444977
40, 1615788641431
41, 2212423558642
42, 2975534475506
43, 3930723510769
44, 5100569350853
45, 6502850173805
46, 8144711830821
47, 10024328873304
48, 12121852478303
49, 14404447349896
50, 16821924088916
51, 19304509275294
52, 21771402463397
53, 24128637512452
54, 26281657375749
55, 28130981410310
56, 29592812836489
57, 30592272147961
58, 31078086080372
59, 31026151325469
60, 30435186465230
61, 29336649207764
62, 27782015839040
63, 25850581300978
64, 23628611599445
65, 21215090480639
66, 18708157085573
67, 16201119507979
68, 13776461018373
69, 11501562301430
70, 9426094163858
71, 7581687963290
72, 5984660400457
73, 4634485903357
74, 3520250839222
75, 2621855846286
76, 1914277654779
77, 1369937100029
78, 960539322981
79, 659578920743
80, 443420553175
81, 291789531910
82, 187719075884
83, 118107425021
84, 72626208601
85, 43572872296
86, 25528232133
87, 14582113174
88, 8106060065
89, 4390749811
90, 2309819307
91, 1177986397
92, 584002733
93, 279793904
94, 129387844
95, 57829546
96, 24734642
97, 10148111
98, 3975695
99, 1485419
100, 513280
101, 166757
102, 53097
103, 14147
104, 3665
105, 816
106, 121
107, 22
108, 1
