version           7.0
command line      jprime 3 11 -super -count -threads 4 -file 3_11_super_count -status
states            165
shift cycles      15
short cycles      0
period bound      150
states (in mem)   165
patterns          338751985819407
patterns (total)  338751985819407
nodes completed   2757984914061057
work splits       91
seconds elapsed   5414442.5060
seconds working   21657765.3208
seconds avail     21657770.0237
cores avail       12

patterns

counts
1, 0
2, 2
3, 10
4, 31
5, 118
6, 295
7, 923
8, 2425
9, 6754
10, 17182
11, 33918
12, 72896
13, 168971
14, 367011
15, 791576
16, 1596454
17, 3191838
18, 6171925
19, 11490689
20, 20955623
21, 36875475
22, 63836945
23, 108129214
24, 180494641
25, 294842227
26, 471664651
27, 741531803
28, 1145557075
29, 1740034829
30, 2602241143
31, 3835929272
32, 5575915071
33, 8007215483
34, 11358168881
35, 15927536436
36, 22069716205
37, 30227016773
38, 40951516054
39, 54889677440
40, 72819379671
41, 95665424009
42, 124489450355
43, 160507320989
44, 205125479839
45, 259829862258
46, 326326552061
47, 406377167722
48, 501862358857
49, 614796701354
50, 747208451208
51, 901112535717
52, 1078508299331
53, 1281192634108
54, 1510832108989
55, 1768763480189
56, 2055931814686
57, 2372922615530
58, 2719758439030
59, 3095964942654
60, 3500375415403
61, 3931183611586
62, 4385751703205
63, 4860822813018
64, 5352284435656
65, 5855458522502
66, 6364919080006
67, 6874691568777
68, 7378445055363
69, 7869547429427
70, 8341098124106
71, 8786091641523
72, 9197700114253
73, 9569356194658
74, 9894922940577
75, 10169034340949
76, 10386919082860
77, 10544926456451
78, 10640143348616
79, 10671049414299
80, 10636994986920
81, 10538594708811
82, 10377491317896
83, 10156520336947
84, 9879570220148
85, 9551254894067
86, 9177186821285
87, 8763413927954
88, 8316585324316
89, 7843360013006
90, 7350847721351
91, 6845870699306
92, 6335160830265
93, 5825149512488
94, 5321740858967
95, 4830321887532
96, 4355651012343
97, 3901676296828
98, 3471707118373
99, 3068276977322
100, 2693159256822
101, 2347565488475
102, 2032006009341
103, 1746344433274
104, 1490047845289
105, 1262052500796
106, 1060986245657
107, 885198638427
108, 732817399900
109, 601882373422
110, 490361058235
111, 396211885624
112, 317452860865
113, 252172144801
114, 198549680131
115, 154917113841
116, 119746069324
117, 91667170081
118, 69476406809
119, 52113235145
120, 38672407830
121, 28383931680
122, 20591085784
123, 14762104320
124, 10450757246
125, 7301883573
126, 5031342066
127, 3415661706
128, 2282651001
129, 1500423533
130, 969030163
131, 613787290
132, 381085531
133, 231356546
134, 136926802
135, 78814984
136, 43916703
137, 23587962
138, 12125303
139, 5925106
140, 2743462
141, 1183240
142, 471248
143, 174640
144, 57025
145, 16604
146, 4457
147, 978
148, 171
149, 18
150, 0
