version           6.8
command line      jprime 4 8 1- -count -threads 4 -file 4_8_count -status
states            70
shift cycles      10
short cycles      2
length bound      60
states (in mem)   70
patterns          1505718865
patterns (total)  1505718865
nodes completed   9111890990
seconds elapsed   11.5350
seconds working   45.7080
seconds avail     46.1399
cores avail       12

patterns

counts
1, 1
2, 4
3, 12
4, 37
5, 123
6, 316
7, 895
8, 2065
9, 3976
10, 9228
11, 21186
12, 47105
13, 96926
14, 195016
15, 367328
16, 677670
17, 1196654
18, 2077505
19, 3492132
20, 5605100
21, 8729430
22, 13054731
23, 18889246
24, 26378745
25, 35662164
26, 46731503
27, 58966802
28, 71796469
29, 84346458
30, 95970108
31, 105186268
32, 111490418
33, 113956068
34, 112575656
35, 107316940
36, 97845366
37, 86841986
38, 74133754
39, 60732008
40, 47987340
41, 36547468
42, 26797102
43, 18530146
44, 12447810
45, 8053994
46, 4905938
47, 2878488
48, 1589638
49, 846432
50, 413126
51, 189864
52, 83832
53, 32958
54, 11982
55, 3892
56, 1090
57, 322
58, 44
59, 0
60, 0
