version           6.9
command line      jprime 4 9 -super -count -threads 4 -file 4_9_super_count -status
states            126
shift cycles      14
short cycles      0
period bound      112
states (in mem)   126
patterns          3051666331193
patterns (total)  3051666331193
nodes completed   25201869633357
work splits       64
seconds elapsed   48571.7600
seconds working   194286.1599
seconds avail     194287.0398
cores avail       12

patterns

counts
1, 0
2, 3
3, 12
4, 50
5, 152
6, 411
7, 1351
8, 4125
9, 8274
10, 17069
11, 42249
12, 97531
13, 211245
14, 447866
15, 912046
16, 1766731
17, 3242006
18, 5805190
19, 10221785
20, 17706208
21, 29818179
22, 48863516
23, 78381226
24, 122775482
25, 188015965
26, 282119522
27, 417117354
28, 606887146
29, 869567644
30, 1225699529
31, 1699263296
32, 2321847657
33, 3124690380
34, 4146746041
35, 5432957631
36, 7029161969
37, 8979680105
38, 11330156993
39, 14123318948
40, 17393908037
41, 21176762164
42, 25487315690
43, 30340347311
44, 35727668201
45, 41617101000
46, 47960644103
47, 54688494711
48, 61722586180
49, 68946843800
50, 76244776227
51, 83472925718
52, 90481684469
53, 97105902486
54, 103187101002
55, 108583691823
56, 113153580151
57, 116778297486
58, 119356130201
59, 120817754179
60, 121124796114
61, 120256079175
62, 118241791499
63, 115140593847
64, 111041650234
65, 106049262851
66, 100289522336
67, 93909128933
68, 87063814620
69, 79916007376
70, 72613339813
71, 65313665215
72, 58146506851
73, 51229592314
74, 44659625624
75, 38517029727
76, 32860557208
77, 27725627218
78, 23131898980
79, 19077478860
80, 15552074989
81, 12526295477
82, 9964823414
83, 7828018502
84, 6071466880
85, 4647104735
86, 3507866374
87, 2610590294
88, 1914137106
89, 1381942145
90, 981752578
91, 685611308
92, 470715151
93, 317420348
94, 209864474
95, 135821812
96, 85970411
97, 53102697
98, 31910881
99, 18656716
100, 10553852
101, 5790194
102, 3046392
103, 1527762
104, 722537
105, 316250
106, 127148
107, 45814
108, 14042
109, 3466
110, 710
111, 108
112, 5
