version           6.7
command line      jprime 6 10 188 -file 6_10_188
states            210
shift cycles      22
short cycles      2
length bound      188
states (in mem)   210
patterns          9
patterns (total)  53073
nodes completed   1497113
seconds elapsed   0.0202
seconds working   0.0193
seconds avail     0.0202
cores avail       12

patterns
  +++++1+---++++1++---+++4-++7--+++-++1+--+++-+8-+--++++1+-+--+++6-+-+-+++1+-+-+-++1++-+-+-+8-++-+-++1+-+8-+-++-++7--+-++++1+--+-+++1++--+-++7-++--+++1+-++--++1++-++--+7-++-+++-9--++-+++6---
  +++++1+---++++3-++--+++1+-++--++7-+-++-++1+-+-++-+1++-9-++-+-++7--++-+++1+--++-++1++--++-+4-+++-++-9--+++-++2-+-+++-+1+-+-+++-9-+-+-+++6--+-++++1+--+-+++6-+--++++1+-+--+++3-++6--++++-+8---
  +++++1+---++++3-++--+++1+-++--++7-+-++-++1+-+-++-+1++-9-++-+-++7--++-+++1+--++-++3-++-++-+2-+++-++-9--+++-++2-+-+++-+1+-+-+++-9-+-+-+++6--+-++++1+--+-+++6-+--++++1+-+--+++3-++6--++++-+8---
  +++++1+---++++3-++--+++1+-++--++7-+-++-++7--+-++++1+--+-+++3-++-+-++1+-+1++-++-+-9-++-++-+8--++-+++1+--++-++4-+-+++-+1+-+-+++-9-+-+-+++4--+++-++1+--+++-+8-+--++++1+-+--+++3-++6--++++-+8---
  +++++1+---++++4-+-+-+++1+-+-+-++1++-+-+-+8-++-+-++1+-+8-+-++-++7--+-++++1+--+-+++1++--+-++7-++--+++1+-++--++1++-++--+7-++-+++-9--++-+++3--+++-++1+--+++-+8-+--++++1+-+--+++3-++6--++++-+8---
  +++++1+---++++5-+--++++1+-+--+++3-++6--++++-+2-+-++++-9--+-++++3--++-+++1+--++-++1++--++-+8-++--+++1+-++--++6-+-+++-+1+-+-+++-9-+-+-+++2-++-+-++1+-+8-+-++-++1+-+-++-+3-+++-++-9--+++-++7---
  +++++1+---++++5-+--++++1+-+--+++5-+-++-++7--+-++++1+--+-+++3-++-+-++1+-+1++-++-+-9-++-++-+8--++-+++1+--++-++4-+-+++-+1+-+-+++-9-+-+-+++4--+++-++1+--+++-+1++--+++-9-++--+++2-++6--++++-+8---
  +++++2-+--++++1+-+--+++5-+-++-++7--+-++++1+--+-+++3-++-+-++1+-+1++-++-+-9-++-++-+8--++-+++1+--++-++4-+-+++-+1+-+-+++-9-+-+-+++4--+++-++1+--+++-+1++--+++-9-++--+++2-++6--++++-+3--+++++-9---
  +++++3--+-++++1+--+-+++4-+-++-++1+-+-++-+1++-9-++-+-++7--++-+++1+--++-++1++--++-+8-++--+++1+-++--++6-+-+++-+1+-+-+++-9-+-+-+++4--+++-++1+--+++-+8-+--++++1+-+--+++3-++6--++++-+3--+++++-9---

counts
1, 0
2, 0
3, 0
4, 0
5, 0
6, 0
7, 0
8, 0
9, 1
10, 1
11, 0
12, 0
13, 0
14, 0
15, 0
16, 0
17, 0
18, 1
19, 0
20, 0
21, 0
22, 0
23, 0
24, 0
25, 0
26, 0
27, 3
28, 0
29, 0
30, 0
31, 0
32, 0
33, 0
34, 0
35, 0
36, 12
37, 0
38, 0
39, 0
40, 7
41, 0
42, 0
43, 0
44, 0
45, 33
46, 0
47, 0
48, 0
49, 12
50, 0
51, 1
52, 0
53, 0
54, 100
55, 0
56, 0
57, 0
58, 46
59, 0
60, 0
61, 0
62, 0
63, 222
64, 0
65, 0
66, 0
67, 134
68, 0
69, 0
70, 0
71, 0
72, 389
73, 0
74, 0
75, 0
76, 292
77, 0
78, 0
79, 0
80, 0
81, 878
82, 0
83, 0
84, 0
85, 488
86, 0
87, 0
88, 0
89, 0
90, 1173
91, 0
92, 0
93, 0
94, 1035
95, 0
96, 0
97, 0
98, 67
99, 2050
100, 0
101, 0
102, 0
103, 1908
104, 0
105, 0
106, 0
107, 221
108, 2923
109, 0
110, 0
111, 0
112, 2730
113, 0
114, 0
115, 0
116, 399
117, 3478
118, 0
119, 0
120, 0
121, 3852
122, 0
123, 0
124, 0
125, 626
126, 3581
127, 0
128, 0
129, 0
130, 4360
131, 0
132, 0
133, 0
134, 739
135, 3282
136, 0
137, 0
138, 0
139, 4300
140, 0
141, 0
142, 0
143, 793
144, 2433
145, 0
146, 0
147, 0
148, 3421
149, 0
150, 0
151, 0
152, 710
153, 1348
154, 0
155, 0
156, 0
157, 2141
158, 0
159, 0
160, 0
161, 457
162, 659
163, 0
164, 0
165, 0
166, 963
167, 0
168, 0
169, 0
170, 217
171, 151
172, 0
173, 0
174, 0
175, 306
176, 0
177, 0
178, 0
179, 66
180, 15
181, 0
182, 0
183, 0
184, 40
185, 0
186, 0
187, 0
188, 9
